,#,A,C,D,E,F,G,H,I,K,L,M,N,P,Q,R,S,T,V,W,Y,uniprot_ID,CHEMBL_ID
0,sp|Q16539|MK14_HUMAN,0.06944444444444445,0.011111111111111113,0.075,0.06388888888888887,0.036111111111111115,0.04166666666666666,0.03333333333333333,0.06111111111111111,0.052777777777777785,0.11944444444444445,0.030555555555555555,0.03888888888888889,0.04722222222222222,0.04166666666666666,0.052777777777777785,0.05555555555555555,0.052777777777777785,0.06111111111111111,0.013888888888888888,0.04166666666666666,Q16539,CHEMBL260
0,sp|P23219|PGH1_HUMAN,0.041736227045075125,0.02170283806343906,0.04006677796327212,0.060100166944908176,0.0651085141903172,0.07512520868113523,0.030050083472454088,0.041736227045075125,0.041736227045075125,0.12353923205342238,0.030050083472454088,0.031719532554257086,0.07679465776293823,0.045075125208681135,0.05509181969949917,0.05509181969949917,0.05008347245409015,0.05342237061769616,0.01669449081803005,0.045075125208681135,P23219,CHEMBL221
0,sp|P36897|TGFR1_HUMAN,0.0874751491053678,0.03777335984095427,0.04970178926441352,0.05964214711729623,0.02783300198807157,0.05964214711729623,0.03180914512922465,0.06759443339960239,0.04970178926441352,0.09343936381709743,0.029821073558648114,0.033797216699801194,0.0437375745526839,0.02584493041749503,0.06163021868787276,0.06163021868787276,0.06560636182902585,0.07157057654075548,0.015904572564612324,0.02584493041749503,P36897,CHEMBL4439
0,sp|P04049|RAF1_HUMAN,0.05246913580246913,0.021604938271604937,0.04475308641975309,0.04475308641975309,0.04475308641975309,0.054012345679012336,0.035493827160493825,0.04938271604938271,0.05864197530864197,0.08333333333333333,0.0308641975308642,0.043209876543209874,0.05555555555555555,0.050925925925925916,0.061728395061728385,0.10185185185185183,0.06327160493827161,0.06635802469135803,0.013888888888888888,0.023148148148148147,P04049,CHEMBL1906
0,sp|P45984|MK09_HUMAN,0.0589622641509434,0.02358490566037736,0.0660377358490566,0.07075471698113207,0.03066037735849057,0.042452830188679236,0.02358490566037736,0.0660377358490566,0.0660377358490566,0.08490566037735849,0.0330188679245283,0.03537735849056604,0.049528301886792456,0.049528301886792456,0.042452830188679236,0.08018867924528301,0.049528301886792456,0.07547169811320754,0.014150943396226415,0.03773584905660377,P45984,CHEMBL4179
0,sp|P06239|LCK_HUMAN,0.0550098231827112,0.01768172888015717,0.05108055009823183,0.08644400785854618,0.04322200392927309,0.07269155206286837,0.023575638506876228,0.0550098231827112,0.045186640471512766,0.0962671905697446,0.021611001964636545,0.047151277013752456,0.06286836935166994,0.045186640471512766,0.056974459724950875,0.05893909626719057,0.05304518664047151,0.04911591355599214,0.021611001964636545,0.03732809430255403,P06239,CHEMBL258
0,sp|P00533|EGFR_HUMAN,0.059504132231404966,0.04958677685950413,0.050413223140495865,0.06363636363636363,0.029752066115702483,0.07024793388429752,0.0256198347107438,0.05702479338842975,0.054545454545454536,0.09173553719008264,0.02066115702479339,0.054545454545454536,0.061983471074380174,0.04049586776859504,0.04958677685950413,0.06942148760330577,0.052892561983471066,0.05785123966942149,0.010743801652892562,0.029752066115702483,P00533,CHEMBL203
0,sp|Q15759|MK11_HUMAN,0.07692307692307693,0.01098901098901099,0.0521978021978022,0.08516483516483518,0.027472527472527472,0.0521978021978022,0.027472527472527472,0.04945054945054945,0.046703296703296704,0.1153846153846154,0.024725274725274724,0.024725274725274724,0.06318681318681317,0.04945054945054945,0.06318681318681317,0.06868131868131869,0.03571428571428571,0.06868131868131869,0.013736263736263736,0.04395604395604396,Q15759,CHEMBL3961
0,sp|P09917|LOX5_HUMAN,0.06379821958456973,0.01928783382789317,0.06528189910979229,0.0712166172106825,0.05192878338278932,0.04896142433234421,0.025222551928783383,0.06528189910979229,0.05637982195845698,0.08753709198813056,0.02373887240356083,0.03857566765578635,0.050445103857566766,0.045994065281899116,0.05341246290801187,0.04896142433234421,0.04451038575667656,0.07270029673590504,0.02225519287833828,0.04451038575667656,P09917,CHEMBL215
0,sp|P29323|EPHB2_HUMAN,0.06919431279620854,0.02843601895734597,0.05308056872037915,0.05876777251184834,0.03791469194312797,0.07393364928909953,0.015165876777251184,0.061611374407582936,0.04644549763033176,0.06540284360189573,0.034123222748815164,0.04644549763033176,0.04834123222748815,0.044549763033175364,0.057819905213270135,0.07582938388625593,0.06445497630331752,0.06824644549763033,0.013270142180094787,0.03696682464454976,P29323,CHEMBL3290
0,sp|O43353|RIPK2_HUMAN,0.053703703703703705,0.018518518518518517,0.04629629629629629,0.07037037037037037,0.024074074074074074,0.04074074074074074,0.04074074074074074,0.06851851851851852,0.057407407407407414,0.1111111111111111,0.025925925925925925,0.04444444444444445,0.06481481481481481,0.05,0.05185185185185185,0.1,0.04444444444444445,0.04629629629629629,0.012962962962962964,0.027777777777777776,O43353,CHEMBL5014
0,sp|O14976|GAK_HUMAN,0.08695652173913042,0.01983218916857361,0.05263157894736842,0.07017543859649122,0.03890160183066362,0.07322654462242563,0.02212051868802441,0.03585049580472922,0.04576659038901602,0.08924485125858124,0.01906941266209001,0.03051106025934401,0.09077040427154844,0.04500381388253242,0.05263157894736842,0.09305873379099924,0.04195270785659802,0.055682684973302816,0.012204424103737605,0.02440884820747521,O14976,CHEMBL4355
0,sp|P48730|KC1D_HUMAN,0.05301204819277108,0.012048192771084338,0.05060240963855422,0.05542168674698795,0.03855421686746988,0.07951807228915662,0.028915662650602414,0.05060240963855422,0.05783132530120483,0.09397590361445783,0.03132530120481928,0.03855421686746988,0.04578313253012048,0.03132530120481928,0.09879518072289156,0.08433734939759037,0.05301204819277108,0.04578313253012048,0.0072289156626506035,0.04337349397590362,P48730,CHEMBL2828
0,sp|P12931|SRC_HUMAN,0.08208955223880597,0.016791044776119403,0.039179104477611935,0.07835820895522387,0.039179104477611935,0.08022388059701492,0.016791044776119403,0.02985074626865672,0.05783582089552239,0.0914179104477612,0.02052238805970149,0.033582089552238806,0.059701492537313425,0.04291044776119403,0.059701492537313425,0.06902985074626866,0.06716417910447761,0.05597014925373135,0.016791044776119403,0.04291044776119403,P12931,CHEMBL267
0,sp|P53779|MK10_HUMAN,0.058189655172413784,0.023706896551724137,0.0625,0.058189655172413784,0.032327586206896554,0.045258620689655166,0.02586206896551724,0.05603448275862069,0.07327586206896551,0.09051724137931036,0.03663793103448276,0.04310344827586207,0.05603448275862069,0.045258620689655166,0.03879310344827586,0.07974137931034482,0.040948275862068964,0.07758620689655173,0.008620689655172414,0.047413793103448267,P53779,CHEMBL2637
0,sp|Q02763|TIE2_HUMAN,0.06405693950177936,0.033807829181494664,0.04715302491103203,0.06583629893238434,0.03291814946619217,0.0693950177935943,0.02669039145907473,0.05871886120996441,0.05427046263345196,0.09341637010676156,0.020462633451957292,0.052491103202846966,0.05693950177935943,0.04092526690391459,0.051601423487544484,0.0596085409252669,0.05427046263345196,0.06850533807829183,0.01601423487544484,0.03291814946619217,Q02763,CHEMBL4128
0,sp|P30542|AA1R_HUMAN,0.098159509202454,0.027607361963190184,0.027607361963190184,0.033742331288343565,0.05828220858895705,0.03680981595092025,0.015337423312883437,0.0950920245398773,0.04601226993865031,0.12576687116564414,0.027607361963190184,0.03680981595092025,0.06748466257668713,0.024539877300613498,0.03680981595092025,0.05521472392638037,0.030674846625766868,0.098159509202454,0.02147239263803681,0.03680981595092025,P30542,CHEMBL226
0,sp|P29274|AA2AR_HUMAN,0.10194174757281553,0.03640776699029126,0.021844660194174758,0.03640776699029126,0.04854368932038835,0.0825242718446602,0.02669902912621359,0.0703883495145631,0.021844660194174758,0.12135922330097088,0.019417475728155338,0.043689320388349516,0.05825242718446603,0.03883495145631068,0.04611650485436893,0.06310679611650485,0.033980582524271837,0.08495145631067963,0.016990291262135918,0.02669902912621359,P29274,CHEMBL251
0,sp|P05177|CP1A2_HUMAN,0.060077519379844964,0.013565891472868215,0.044573643410852716,0.050387596899224806,0.06395348837209303,0.0562015503875969,0.025193798449612403,0.050387596899224806,0.050387596899224806,0.1182170542635659,0.01937984496124031,0.034883720930232565,0.06782945736434108,0.04651162790697674,0.06395348837209303,0.07751937984496124,0.0562015503875969,0.06395348837209303,0.017441860465116282,0.01937984496124031,P05177,CHEMBL3356
0,sp|P33261|CP2CJ_HUMAN,0.034693877551020415,0.026530612244897958,0.048979591836734684,0.0673469387755102,0.0673469387755102,0.057142857142857134,0.020408163265306117,0.07142857142857142,0.061224489795918366,0.11428571428571427,0.026530612244897958,0.053061224489795916,0.061224489795918366,0.0326530612244898,0.05510204081632653,0.053061224489795916,0.05510204081632653,0.0653061224489796,0.0061224489795918356,0.02244897959183673,P33261,CHEMBL3622
0,sp|P11712|CP2C9_HUMAN,0.036734693877551024,0.026530612244897958,0.042857142857142864,0.0653061224489796,0.0653061224489796,0.057142857142857134,0.024489795918367342,0.06938775510204083,0.07142857142857142,0.11836734693877553,0.028571428571428567,0.053061224489795916,0.06326530612244897,0.028571428571428567,0.042857142857142864,0.0653061224489796,0.048979591836734684,0.061224489795918366,0.0061224489795918356,0.024489795918367342,P11712,CHEMBL3397
0,sp|P10635|CP2D6_HUMAN,0.08249496981891348,0.012072434607645876,0.04627766599597585,0.060362173038229376,0.06639839034205232,0.06639839034205232,0.03219315895372234,0.030181086519114688,0.02414486921529175,0.13279678068410464,0.02012072434607646,0.02414486921529175,0.07645875251509053,0.044265593561368215,0.07847082494969819,0.04627766599597585,0.05030181086519115,0.08048289738430582,0.014084507042253518,0.012072434607645876,P10635,CHEMBL289
0,sp|P11229|ACM1_HUMAN,0.08260869565217391,0.03260869565217391,0.021739130434782608,0.05434782608695652,0.034782608695652174,0.06304347826086956,0.004347826086956522,0.04130434782608696,0.052173913043478265,0.11739130434782608,0.026086956521739132,0.03260869565217391,0.06739130434782609,0.028260869565217388,0.06956521739130435,0.07608695652173914,0.07608695652173914,0.056521739130434775,0.028260869565217388,0.034782608695652174,P11229,CHEMBL216
0,sp|O76074|PDE5A_HUMAN,0.06971428571428571,0.028571428571428567,0.055999999999999994,0.08114285714285714,0.048,0.03885714285714285,0.029714285714285717,0.06285714285714286,0.06628571428571428,0.09828571428571428,0.025142857142857144,0.053714285714285714,0.03314285714285714,0.06514285714285714,0.04685714285714285,0.064,0.04914285714285714,0.052571428571428575,0.010285714285714285,0.02057142857142857,O76074,CHEMBL1827
0,sp|P04626|ERBB2_HUMAN,0.06613545816733067,0.047011952191235065,0.05179282868525897,0.06135458167330678,0.027888446215139442,0.0804780876494024,0.027888446215139442,0.0350597609561753,0.031075697211155374,0.1099601593625498,0.018326693227091632,0.03266932270916335,0.08685258964143426,0.04940239043824701,0.056573705179282875,0.05816733067729084,0.05338645418326693,0.06613545816733067,0.011952191235059759,0.027888446215139442,P04626,CHEMBL1824
0,sp|P24557|THAS_HUMAN,0.07692307692307693,0.0225140712945591,0.04127579737335835,0.06941838649155722,0.06941838649155722,0.050656660412757966,0.0225140712945591,0.04127579737335835,0.04315196998123828,0.1200750469043152,0.0300187617260788,0.03189493433395872,0.07129455909943715,0.039399624765478425,0.06941838649155722,0.0600375234521576,0.0375234521575985,0.06941838649155722,0.009380863039399627,0.024390243902439025,P24557,CHEMBL1835
0,sp|Q99572|P2RX7_HUMAN,0.03697478991596639,0.05378151260504202,0.047058823529411764,0.057142857142857134,0.057142857142857134,0.05378151260504202,0.021848739495798318,0.05882352941176471,0.060504201680672276,0.08067226890756303,0.013445378151260505,0.04033613445378152,0.05882352941176471,0.043697478991596636,0.06386554621848739,0.06890756302521009,0.055462184873949584,0.06554621848739496,0.015126050420168069,0.047058823529411764,Q99572,CHEMBL4805
0,sp|O15264|MK13_HUMAN,0.06575342465753424,0.00821917808219178,0.06027397260273973,0.0684931506849315,0.04931506849315069,0.04931506849315069,0.0273972602739726,0.046575342465753435,0.08767123287671233,0.10410958904109588,0.03561643835616438,0.021917808219178082,0.046575342465753435,0.052054794520547946,0.04931506849315069,0.05753424657534247,0.052054794520547946,0.06301369863013699,0.0136986301369863,0.0410958904109589,O15264,CHEMBL2939
0,sp|Q12809|KCNH2_HUMAN,0.08024158757549611,0.020707506471095767,0.04745470232959448,0.05176876617773943,0.03968938740293356,0.08024158757549611,0.02415875754961173,0.04831751509922347,0.030198446937014668,0.1087144089732528,0.020707506471095767,0.030198446937014668,0.08283002588438307,0.02933563416738568,0.07333908541846419,0.08886971527178603,0.05090595340811044,0.057808455565142365,0.010353753235547884,0.02415875754961173,Q12809,CHEMBL240
0,sp|Q96FL8|S47A1_HUMAN,0.08596491228070176,0.02456140350877193,0.02280701754385965,0.036842105263157884,0.0456140350877193,0.08421052631578947,0.019298245614035092,0.06491228070175438,0.02456140350877193,0.1631578947368421,0.021052631578947368,0.03333333333333333,0.040350877192982464,0.054385964912280704,0.036842105263157884,0.06140350877192983,0.042105263157894736,0.09824561403508772,0.014035087719298246,0.02631578947368421,Q96FL8,CHEMBL1743126
0,sp|O95067|CCNB2_HUMAN,0.06281407035175879,0.01256281407035176,0.04773869346733668,0.06532663316582915,0.02261306532663317,0.032663316582914576,0.02010050251256281,0.05276381909547738,0.08793969849246233,0.11557788944723618,0.032663316582914576,0.05025125628140704,0.04522613065326633,0.05778894472361809,0.04522613065326633,0.06532663316582915,0.055276381909547735,0.08542713567839195,0.007537688442211055,0.035175879396984924,O95067,CHEMBL2094127
0,sp|O96020|CCNE2_HUMAN,0.04455445544554455,0.024752475247524757,0.04455445544554455,0.07425742574257425,0.04455445544554455,0.0297029702970297,0.024752475247524757,0.07673267326732673,0.08168316831683169,0.10891089108910892,0.024752475247524757,0.034653465346534656,0.056930693069306926,0.056930693069306926,0.04207920792079208,0.07178217821782178,0.056930693069306926,0.054455445544554455,0.0198019801980198,0.027227722772277228,O96020,CHEMBL2094126
0,sp|P30279|CCND2_HUMAN,0.0726643598615917,0.04152249134948097,0.06920415224913495,0.08304498269896192,0.02768166089965398,0.02422145328719723,0.017301038062283742,0.04498269896193772,0.05882352941176471,0.14186851211072665,0.02768166089965398,0.02422145328719723,0.04498269896193772,0.0657439446366782,0.05536332179930796,0.04844290657439446,0.05536332179930796,0.06228373702422145,0.010380622837370242,0.02422145328719723,P30279,CHEMBL2095942
0,sp|P06493|CDK1_HUMAN,0.040404040404040414,0.0033670033670033673,0.06397306397306397,0.060606060606060615,0.037037037037037035,0.060606060606060615,0.02693602693602693,0.07407407407407407,0.08080808080808081,0.12121212121212123,0.02693602693602693,0.03367003367003367,0.0505050505050505,0.03367003367003367,0.0505050505050505,0.0707070707070707,0.043771043771043766,0.060606060606060615,0.01346801346801347,0.04713804713804714,P06493,CHEMBL308
0,sp|P35968|VGFR2_HUMAN,0.05014749262536873,0.02433628318584071,0.050884955752212385,0.07595870206489676,0.03023598820058997,0.06268436578171091,0.019174041297935103,0.05899705014749264,0.06194690265486725,0.09144542772861357,0.019174041297935103,0.03908554572271387,0.052359882005899715,0.03761061946902655,0.04498525073746313,0.08333333333333333,0.06710914454277286,0.08112094395280238,0.014011799410029498,0.035398230088495575,P35968,CHEMBL279
0,sp|P55263|ADK_HUMAN,0.10773480662983426,0.019337016574585638,0.0580110497237569,0.08011049723756906,0.0580110497237569,0.052486187845303865,0.027624309392265192,0.06906077348066299,0.09392265193370164,0.07458563535911603,0.022099447513812157,0.04143646408839779,0.03867403314917127,0.044198895027624314,0.03314917127071823,0.044198895027624314,0.052486187845303865,0.052486187845303865,0.0055248618784530384,0.024861878453038676,P55263,CHEMBL3589
0,sp|P09619|PGFRB_HUMAN,0.05063291139240506,0.01717902350813743,0.05244122965641953,0.08499095840867993,0.029837251356238693,0.05605786618444846,0.02350813743218806,0.0488245931283906,0.03435804701627486,0.11301989150090415,0.02350813743218806,0.03345388788426763,0.06962025316455696,0.03887884267631103,0.051537070524412296,0.08318264014466546,0.0569620253164557,0.08318264014466546,0.0108499095840868,0.0379746835443038,P09619,CHEMBL1913
0,sp|P11802|CDK4_HUMAN,0.07260726072607261,0.0132013201320132,0.056105610561056105,0.0627062706270627,0.0429042904290429,0.07920792079207921,0.0297029702970297,0.03630363036303631,0.03630363036303631,0.10891089108910892,0.026402640264026403,0.0231023102310231,0.08250825082508251,0.026402640264026403,0.07590759075907591,0.049504950495049514,0.049504950495049514,0.0891089108910891,0.0099009900990099,0.0297029702970297,P11802,CHEMBL331
0,sp|P24941|CDK2_HUMAN,0.06375838926174497,0.010067114093959731,0.053691275167785234,0.05704697986577181,0.053691275167785234,0.053691275167785234,0.03355704697986577,0.053691275167785234,0.07046979865771813,0.13087248322147652,0.016778523489932886,0.026845637583892617,0.06375838926174497,0.0302013422818792,0.053691275167785234,0.04697986577181208,0.05704697986577181,0.07718120805369127,0.013422818791946308,0.03355704697986577,P24941,CHEMBL301
0,sp|Q02750|MP2K1_HUMAN,0.06106870229007633,0.015267175572519085,0.050890585241730284,0.07633587786259542,0.035623409669211195,0.07888040712468193,0.022900763358778626,0.06361323155216285,0.07124681933842239,0.09669211195928754,0.03307888040712468,0.03307888040712468,0.0737913486005089,0.043256997455470736,0.04580152671755725,0.07633587786259542,0.03053435114503817,0.06361323155216285,0.005089058524173028,0.022900763358778626,Q02750,CHEMBL3587
0,sp|P06241|FYN_HUMAN,0.05772811918063315,0.01675977653631285,0.05027932960893855,0.07635009310986965,0.037243947858473,0.0893854748603352,0.0223463687150838,0.04655493482309125,0.06145251396648045,0.0931098696461825,0.024208566108007448,0.03910614525139665,0.04655493482309125,0.040968342644320296,0.05586592178770949,0.05586592178770949,0.0670391061452514,0.0521415270018622,0.0186219739292365,0.048417132216014895,P06241,CHEMBL1841
0,sp|P35462|DRD3_HUMAN,0.075,0.04,0.02,0.03,0.0425,0.055,0.02,0.045,0.0325,0.1225,0.02,0.04,0.05,0.0375,0.055,0.0825,0.075,0.1025,0.0125,0.0425,P35462,CHEMBL234
0,sp|Q9UNQ0|ABCG2_HUMAN,0.0717557251908397,0.0183206106870229,0.03206106870229008,0.04580152671755725,0.06412213740458016,0.0732824427480916,0.015267175572519085,0.06870229007633588,0.06106870229007633,0.11755725190839696,0.029007633587786262,0.051908396946564885,0.0366412213740458,0.03053435114503817,0.03358778625954199,0.08549618320610687,0.058015267175572524,0.06564885496183206,0.0076335877862595426,0.03358778625954199,Q9UNQ0,CHEMBL5393
0,sp|P49759|CLK1_HUMAN,0.033057851239669415,0.02685950413223141,0.07231404958677685,0.06818181818181818,0.03512396694214876,0.045454545454545456,0.0743801652892562,0.05371900826446281,0.07851239669421488,0.07231404958677685,0.01859504132231405,0.028925619834710745,0.03099173553719008,0.02685950413223141,0.09090909090909093,0.0950413223140496,0.04132231404958678,0.045454545454545456,0.014462809917355372,0.0475206611570248,P49759,CHEMBL4224
0,sp|P49137|MAPK2_HUMAN,0.065,0.0175,0.0375,0.0725,0.03,0.0425,0.0275,0.0625,0.075,0.09,0.035,0.035,0.0975,0.0525,0.0525,0.0575,0.0525,0.05,0.0125,0.035,P49137,CHEMBL2208
0,sp|P14679|TYRO_HUMAN,0.05671077504725897,0.032136105860113416,0.05671077504725897,0.05103969754253308,0.058601134215500936,0.06427221172022685,0.032136105860113416,0.04158790170132325,0.032136105860113416,0.10396975425330812,0.028355387523629486,0.05103969754253308,0.062381852551984876,0.043478260869565216,0.05103969754253308,0.09640831758034027,0.03591682419659736,0.032136105860113416,0.026465028355387527,0.043478260869565216,P14679,CHEMBL1973
0,sp|P46059|S15A1_HUMAN,0.0748587570621469,0.015536723163841809,0.031073446327683617,0.03813559322033898,0.07062146892655367,0.06638418079096045,0.014124293785310734,0.08333333333333333,0.05508474576271186,0.0847457627118644,0.03672316384180791,0.05225988700564972,0.04519774011299435,0.049435028248587566,0.025423728813559324,0.07203389830508475,0.05649717514124294,0.07909604519774012,0.012711864406779662,0.03672316384180791,P46059,CHEMBL4605
0,sp|O95342|ABCBB_HUMAN,0.08554125662376988,0.015140045420136259,0.04996214988644966,0.0582891748675246,0.0582891748675246,0.07645722937168811,0.012112036336109008,0.07948523845571538,0.04996214988644966,0.08478425435276306,0.02725208175624527,0.03557910673732021,0.028766086298258893,0.04920514761544285,0.052233156699470096,0.07342922028766086,0.05601816805450417,0.06888720666161999,0.00984102952308857,0.028766086298258893,O95342,CHEMBL6020
0,sp|Q92887|MRP2_HUMAN,0.056957928802589,0.012944983818770229,0.04401294498381877,0.05242718446601942,0.05436893203883495,0.05501618122977346,0.016828478964401296,0.07378640776699029,0.059546925566343036,0.12815533980582525,0.02459546925566343,0.04595469255663431,0.029773462783171518,0.04271844660194175,0.04401294498381877,0.08608414239482201,0.059546925566343036,0.07055016181229773,0.017475728155339806,0.02524271844660194,Q92887,CHEMBL5748
0,sp|O15438|MRP3_HUMAN,0.08513425016371971,0.016371971185330715,0.042567125081859856,0.04649639816633923,0.04846103470857891,0.06417812704649639,0.020301244269810084,0.05828421741977735,0.037982973149967264,0.13359528487229866,0.023575638506876228,0.03274394237066143,0.045186640471512766,0.04322200392927309,0.04846103470857891,0.07596594629993451,0.04846103470857891,0.08185985592665357,0.018991486574983632,0.028159790438768824,O15438,CHEMBL5918
0,sp|O15439|MRP4_HUMAN,0.07018867924528302,0.012075471698113207,0.0430188679245283,0.057358490566037736,0.04981132075471698,0.055094339622641514,0.021132075471698115,0.07018867924528302,0.05660377358490566,0.1260377358490566,0.021886792452830192,0.03547169811320755,0.03547169811320755,0.0430188679245283,0.049056603773584916,0.07018867924528302,0.06113207547169811,0.07471698113207548,0.01811320754716981,0.029433962264150938,O15439,CHEMBL1743128
0,sp|Q01650|LAT1_HUMAN,0.09467455621301776,0.02366863905325444,0.015779092702169626,0.04536489151873768,0.0650887573964497,0.07889546351084813,0.007889546351084813,0.07297830374753451,0.04142011834319527,0.14003944773175542,0.01972386587771203,0.03353057199211045,0.05325443786982249,0.01972386587771203,0.02366863905325444,0.0670611439842209,0.05325443786982249,0.09270216962524656,0.01972386587771203,0.03155818540433925,Q01650,CHEMBL4459
0,sp|Q99558|M3K14_HUMAN,0.07391763463569166,0.024287222808870117,0.03167898627243928,0.08130939809926083,0.025343189017951427,0.07180570221752904,0.03590285110876452,0.028511087645195356,0.06335797254487856,0.10665258711721223,0.014783526927138331,0.022175290390707498,0.102428722280887,0.05174234424498416,0.05174234424498416,0.09398099260823653,0.03484688489968321,0.05279831045406547,0.01583949313621964,0.01689545934530095,Q99558,CHEMBL5888
0,sp|P35354|PGH2_HUMAN,0.051324503311258284,0.02152317880794702,0.04304635761589404,0.05960264900662252,0.06291390728476821,0.061258278145695365,0.031456953642384114,0.05629139072847682,0.05629139072847682,0.09437086092715233,0.024834437086092717,0.04801324503311258,0.06622516556291391,0.051324503311258284,0.04470198675496689,0.05794701986754967,0.05629139072847682,0.05794701986754967,0.009933774834437088,0.04470198675496689,P35354,CHEMBL230
0,sp|P04183|KITH_HUMAN,0.10683760683760683,0.047008547008547015,0.034188034188034185,0.059829059829059825,0.047008547008547015,0.07264957264957267,0.008547008547008548,0.05128205128205128,0.06837606837606837,0.07692307692307693,0.02564102564102564,0.02991452991452992,0.0641025641025641,0.047008547008547015,0.05555555555555555,0.05128205128205128,0.047008547008547015,0.0811965811965812,0.0,0.02564102564102564,P04183,CHEMBL2883
0,sp|O00142|KITM_HUMAN,0.049056603773584916,0.022641509433962263,0.03773584905660377,0.09056603773584904,0.026415094339622643,0.049056603773584916,0.03773584905660377,0.04150943396226415,0.045283018867924525,0.10566037735849056,0.0339622641509434,0.0339622641509434,0.06415094339622641,0.026415094339622643,0.09811320754716983,0.06037735849056604,0.04150943396226415,0.07547169811320754,0.03018867924528302,0.03018867924528302,O00142,CHEMBL4580
0,sp|P08684|CP3A4_HUMAN,0.039761431411530816,0.013916500994035786,0.05168986083499006,0.06163021868787276,0.0636182902584493,0.05168986083499006,0.015904572564612324,0.05964214711729623,0.07554671968190854,0.1172962226640159,0.03777335984095427,0.03578528827037773,0.06958250497017893,0.029821073558648114,0.0437375745526839,0.06163021868787276,0.0536779324055666,0.0775347912524851,0.007952286282306162,0.03180914512922465,P08684,CHEMBL340
0,sp|P17948|VGFR1_HUMAN,0.0523168908819133,0.02466367713004484,0.050074738415545585,0.06278026905829596,0.03662182361733931,0.05381165919282512,0.022421524663677132,0.06427503736920777,0.07548579970104634,0.09192825112107623,0.02391629297458894,0.04334828101644245,0.045590433482810166,0.02914798206278027,0.050822122571001487,0.09566517189835576,0.07249626307922273,0.05530642750373692,0.01195814648729447,0.03736920777279522,P17948,CHEMBL1868
0,sp|P10721|KIT_HUMAN,0.056352459016393436,0.024590163934426233,0.05430327868852459,0.059426229508196725,0.04405737704918033,0.056352459016393436,0.022540983606557374,0.05327868852459016,0.06762295081967214,0.08504098360655737,0.024590163934426233,0.055327868852459015,0.05122950819672131,0.025614754098360656,0.04098360655737705,0.08094262295081968,0.06045081967213115,0.07991803278688525,0.01434426229508197,0.0430327868852459,P10721,CHEMBL1936
0,sp|P08581|MET_HUMAN,0.0460431654676259,0.029496402877697843,0.04676258992805756,0.051798561151079135,0.05035971223021583,0.05755395683453238,0.03309352517985612,0.05971223021582734,0.05611510791366906,0.09640287769784173,0.02158273381294964,0.05755395683453238,0.051798561151079135,0.03597122302158273,0.040287769784172665,0.0856115107913669,0.06330935251798561,0.0776978417266187,0.007913669064748202,0.03093525179856115,P08581,CHEMBL3717
0,sp|P08069|IGF1R_HUMAN,0.05267008046817849,0.03218727139722019,0.04535479151426482,0.08266276517922458,0.034381858083394286,0.06656912948061447,0.016825164594001463,0.05340160936356986,0.05047549378200439,0.08485735186539868,0.02852962692026335,0.06217995610826627,0.0592538405267008,0.02560351133869788,0.058522311631309436,0.07095830285296269,0.05047549378200439,0.06364301389904901,0.015362106803218725,0.04608632040965618,P08069,CHEMBL1957
0,sp|P35916|VGFR3_HUMAN,0.07410124724871607,0.02714600146735143,0.05135730007336757,0.0748349229640499,0.03228173147468818,0.06382978723404255,0.027879677182685254,0.03741746148202495,0.041085840058694055,0.10271460014673514,0.01834189288334556,0.03154805575935436,0.05355832721936904,0.04035216434336023,0.06676449009537784,0.08584005869405723,0.04695524578136464,0.07263389581804842,0.020542920029347028,0.030814380044020543,P35916,CHEMBL1955
0,sp|Q8NER1|TRPV1_HUMAN,0.066746126340882,0.019070321811680568,0.05482717520858165,0.05840286054827176,0.05601907032181168,0.057210965435041714,0.015494636471990463,0.045292014302741365,0.05959475566150179,0.12157330154946365,0.027413587604290825,0.039332538736591184,0.045292014302741365,0.033373063170441,0.05244338498212157,0.07270560190703218,0.06555423122765197,0.057210965435041714,0.013110846245530394,0.039332538736591184,Q8NER1,CHEMBL4794
0,sp|P30556|AGTR1_HUMAN,0.06406685236768803,0.027855153203342614,0.033426183844011144,0.019498607242339837,0.07799442896935932,0.033426183844011144,0.016713091922005572,0.11420612813370473,0.06406685236768803,0.12813370473537605,0.02506963788300836,0.05013927576601671,0.04735376044568245,0.016713091922005572,0.036211699164345405,0.06963788300835655,0.055710306406685235,0.0584958217270195,0.013927576601671307,0.04735376044568245,P30556,CHEMBL227
0,sp|P0DMS8|AA3R_HUMAN,0.05660377358490566,0.031446540880503145,0.018867924528301886,0.025157232704402517,0.0660377358490566,0.034591194968553465,0.018867924528301886,0.09119496855345913,0.0440251572327044,0.1509433962264151,0.0440251572327044,0.04716981132075472,0.02830188679245283,0.009433962264150943,0.031446540880503145,0.07861635220125786,0.06289308176100629,0.09433962264150944,0.015723270440251572,0.050314465408805034,P0DMS8,CHEMBL256
0,sp|P18089|ADA2B_HUMAN,0.10444444444444444,0.031111111111111114,0.022222222222222227,0.06222222222222223,0.05111111111111112,0.07111111111111111,0.013333333333333334,0.06444444444444444,0.031111111111111114,0.10444444444444444,0.004444444444444445,0.024444444444444446,0.06888888888888889,0.04666666666666667,0.07111111111111111,0.07111111111111111,0.042222222222222223,0.06,0.02666666666666667,0.028888888888888888,P18089,CHEMBL1942
0,sp|P13945|ADRB3_HUMAN,0.14460784313725492,0.0392156862745098,0.01715686274509804,0.02696078431372549,0.036764705882352935,0.06372549019607843,0.00980392156862745,0.014705882352941175,0.0024509803921568627,0.14705882352941174,0.01715686274509804,0.029411764705882356,0.1053921568627451,0.014705882352941175,0.07598039215686274,0.0661764705882353,0.05392156862745098,0.08823529411764706,0.029411764705882356,0.01715686274509804,P13945,CHEMBL246
0,sp|P23975|SC6A2_HUMAN,0.07779578606158834,0.01620745542949757,0.03565640194489465,0.03241491085899514,0.07617504051863858,0.08103727714748785,0.021069692058346842,0.06482982171799027,0.037277147487844414,0.12641815235008105,0.021069692058346842,0.03889789303079417,0.040518638573743916,0.02755267423014587,0.030794165316045383,0.05510534846029173,0.05348460291734198,0.08427876823338737,0.030794165316045383,0.04862236628849271,P23975,CHEMBL222
0,sp|P49840|GSK3A_HUMAN,0.06418219461697723,0.016563146997929608,0.033126293995859216,0.047619047619047616,0.037267080745341616,0.13664596273291926,0.014492753623188406,0.043478260869565216,0.045548654244306416,0.09316770186335403,0.010351966873706004,0.02691511387163561,0.07867494824016563,0.035196687370600416,0.05175983436853002,0.09523809523809523,0.06625258799171843,0.06211180124223601,0.006211180124223602,0.035196687370600416,P49840,CHEMBL2850
0,sp|P43405|KSYK_HUMAN,0.07086614173228346,0.014173228346456691,0.04251968503937008,0.07559055118110236,0.02992125984251968,0.07874015748031496,0.02992125984251968,0.04094488188976378,0.07716535433070866,0.09448818897637797,0.02992125984251968,0.047244094488188976,0.051968503937007866,0.044094488188976384,0.04881889763779528,0.059842519685039376,0.03622047244094488,0.05669291338582678,0.01732283464566929,0.053543307086614166,P43405,CHEMBL2599
0,sp|Q13315|ATM_HUMAN,0.05137434554973822,0.029123036649214663,0.051047120418848166,0.07624345549738219,0.04024869109947644,0.03893979057591623,0.02356020942408377,0.058573298429319375,0.0700261780104712,0.12729057591623036,0.02585078534031414,0.044829842931937175,0.03206806282722513,0.05039267015706806,0.04973821989528796,0.07657068062827226,0.05170157068062827,0.058573298429319375,0.012434554973821987,0.031413612565445025,Q13315,CHEMBL3797
0,sp|P49841|GSK3B_HUMAN,0.08095238095238096,0.021428571428571432,0.05238095238095238,0.04523809523809524,0.042857142857142864,0.05238095238095238,0.016666666666666666,0.047619047619047616,0.05476190476190476,0.0880952380952381,0.011904761904761904,0.04047619047619048,0.07380952380952381,0.042857142857142864,0.06428571428571428,0.0761904761904762,0.07142857142857142,0.06904761904761905,0.0047619047619047615,0.042857142857142864,P49841,CHEMBL262
0,sp|P10145|IL8_HUMAN,0.101010101010101,0.0505050505050505,0.020202020202020204,0.09090909090909093,0.040404040404040414,0.030303030303030307,0.020202020202020204,0.060606060606060615,0.101010101010101,0.12121212121212123,0.010101010101010102,0.030303030303030307,0.0505050505050505,0.020202020202020204,0.060606060606060615,0.0707070707070707,0.030303030303030307,0.0707070707070707,0.010101010101010102,0.010101010101010102,P10145,CHEMBL2157
0,sp|P15121|ALDR_HUMAN,0.060126582278481014,0.022151898734177212,0.04746835443037975,0.07278481012658228,0.03481012658227848,0.05063291139240506,0.02848101265822785,0.0569620253164557,0.07911392405063293,0.10759493670886076,0.0189873417721519,0.04746835443037975,0.06329113924050632,0.04113924050632911,0.03481012658227848,0.05379746835443038,0.04746835443037975,0.07911392405063293,0.0189873417721519,0.03481012658227848,P15121,CHEMBL1900
0,sp|P16234|PGFRA_HUMAN,0.04958677685950413,0.015610651974288337,0.060606060606060615,0.08631772268135904,0.02938475665748393,0.053259871441689616,0.02295684113865932,0.0642791551882461,0.06336088154269973,0.09550045913682276,0.02387511478420569,0.040404040404040414,0.04683195592286502,0.02295684113865932,0.040404040404040414,0.08539944903581267,0.06244260789715335,0.08172635445362718,0.011937557392102845,0.04315886134067952,P16234,CHEMBL2007
0,sp|P78527|PRKDC_HUMAN,0.06540697674418605,0.02107558139534884,0.05062984496124031,0.07170542635658915,0.04748062015503876,0.04530038759689922,0.02180232558139535,0.04820736434108528,0.06686046511627906,0.12839147286821706,0.028585271317829456,0.037063953488372096,0.04530038759689922,0.045542635658914726,0.052083333333333336,0.07921511627906977,0.04433139534883721,0.060562015503875966,0.01187015503875969,0.028585271317829456,P78527,CHEMBL3142
0,sp|O60755|GALR3_HUMAN,0.1766304347826087,0.03260869565217391,0.02445652173913044,0.021739130434782608,0.040760869565217385,0.08695652173913042,0.021739130434782608,0.019021739130434784,0.002717391304347826,0.1358695652173913,0.008152173913043478,0.016304347826086956,0.06793478260869565,0.01358695652173913,0.10597826086956523,0.051630434782608696,0.035326086956521736,0.07608695652173914,0.021739130434782608,0.040760869565217385,O60755,CHEMBL2731
0,sp|P24468|COT2_HUMAN,0.07971014492753623,0.03864734299516908,0.033816425120772944,0.043478260869565216,0.03864734299516908,0.07246376811594203,0.028985507246376805,0.036231884057971016,0.033816425120772944,0.09178743961352658,0.028985507246376805,0.03140096618357488,0.07971014492753623,0.07971014492753623,0.06038647342995169,0.08454106280193238,0.043478260869565216,0.06038647342995169,0.00966183574879227,0.024154589371980683,P24468,CHEMBL1961790
0,sp|P43403|ZAP70_HUMAN,0.08723747980613894,0.02746365105008077,0.05008077544426495,0.07431340872374798,0.02907915993537965,0.06785137318255251,0.025848142164781908,0.038772213247172865,0.06785137318255251,0.10016155088852988,0.03392568659127625,0.02261712439418417,0.06785137318255251,0.03715670436187399,0.05977382875605816,0.06138933764135704,0.03715670436187399,0.0468497576736672,0.014539579967689824,0.05008077544426495,P43403,CHEMBL2803
0,sp|P10275|ANDR_HUMAN,0.08804347826086957,0.02934782608695652,0.040217391304347816,0.059782608695652176,0.03043478260869565,0.10434782608695653,0.02065217391304348,0.025,0.043478260869565216,0.09456521739130434,0.02391304347826087,0.021739130434782608,0.08043478260869565,0.07717391304347826,0.04456521739130435,0.08804347826086957,0.040217391304347816,0.043478260869565216,0.008695652173913044,0.035869565217391305,P10275,CHEMBL1871
0,sp|P04150|GCR_HUMAN,0.047619047619047616,0.025740025740025742,0.05019305019305019,0.0592020592020592,0.03088803088803089,0.06692406692406692,0.01415701415701416,0.04375804375804376,0.06563706563706563,0.10424710424710423,0.0296010296010296,0.051480051480051484,0.057915057915057924,0.054054054054054064,0.03474903474903475,0.1093951093951094,0.06306306306306306,0.054054054054054064,0.009009009009009007,0.02831402831402832,P04150,CHEMBL2034
0,sp|P08235|MCR_HUMAN,0.0467479674796748,0.027439024390243903,0.03455284552845528,0.05589430894308943,0.03455284552845528,0.06605691056910569,0.02032520325203252,0.04166666666666666,0.05284552845528456,0.0741869918699187,0.02540650406504065,0.05284552845528456,0.07621951219512195,0.04878048780487805,0.037601626016260166,0.15142276422764228,0.04979674796747968,0.06605691056910569,0.006097560975609756,0.031504065040650404,P08235,CHEMBL1994
0,sp|P06401|PRGR_HUMAN,0.11039657020364416,0.02572347266881029,0.04180064308681672,0.05466237942122187,0.031082529474812437,0.0782422293676313,0.013933547695605574,0.028938906752411574,0.04394426580921758,0.11254019292604503,0.01822079314040729,0.01822079314040729,0.11039657020364416,0.05037513397642015,0.045016077170418015,0.10182207931404072,0.030010718113612007,0.05359056806002144,0.006430868167202572,0.02465166130760986,P06401,CHEMBL208
0,sp|P35610|SOAT1_HUMAN,0.06181818181818183,0.01636363636363636,0.03272727272727273,0.05090909090909091,0.10545454545454544,0.03818181818181818,0.02181818181818182,0.052727272727272734,0.04909090909090909,0.11090909090909093,0.025454545454545452,0.04181818181818182,0.04727272727272727,0.02,0.056363636363636366,0.06909090909090909,0.04181818181818182,0.07818181818181819,0.027272727272727268,0.052727272727272734,P35610,CHEMBL2782
0,sp|P03372|ESR1_HUMAN,0.07899159663865546,0.021848739495798318,0.04033613445378152,0.060504201680672276,0.025210084033613446,0.07899159663865546,0.03697478991596639,0.031932773109243695,0.04873949579831933,0.1226890756302521,0.0453781512605042,0.04201680672268908,0.05882352941176471,0.04201680672268908,0.05882352941176471,0.07563025210084033,0.04201680672268908,0.04201680672268908,0.008403361344537815,0.03865546218487395,P03372,CHEMBL206
0,sp|Q92731|ESR2_HUMAN,0.06415094339622641,0.03962264150943396,0.03773584905660377,0.05660377358490566,0.018867924528301886,0.052830188679245285,0.03962264150943396,0.035849056603773584,0.05660377358490566,0.11509433962264153,0.03773584905660377,0.03773584905660377,0.05849056603773585,0.035849056603773584,0.06037735849056604,0.11132075471698114,0.035849056603773584,0.06226415094339624,0.01320754716981132,0.03018867924528302,Q92731,CHEMBL242
0,sp|Q16850|CP51A_HUMAN,0.06958250497017893,0.013916500994035786,0.047713717693836984,0.05566600397614314,0.04970178926441352,0.06958250497017893,0.023856858846918492,0.05566600397614314,0.0636182902584493,0.12524850894632206,0.02584493041749503,0.033797216699801194,0.05566600397614314,0.039761431411530816,0.05168986083499006,0.05566600397614314,0.057654075546719676,0.05168986083499006,0.011928429423459244,0.04174950298210736,Q16850,CHEMBL3849
0,sp|Q99720|SGMR1_HUMAN,0.09865470852017937,0.004484304932735426,0.02690582959641256,0.06726457399103139,0.05381165919282512,0.09417040358744394,0.03139013452914798,0.02690582959641256,0.004484304932735426,0.13004484304932734,0.017937219730941704,0.008968609865470852,0.03139013452914798,0.044843049327354265,0.06278026905829596,0.05381165919282512,0.07623318385650224,0.08071748878923768,0.04932735426008968,0.035874439461883414,Q99720,CHEMBL287
0,sp|P08183|MDR1_HUMAN,0.09140625,0.00546875,0.04375,0.05859375,0.0546875,0.07734375,0.01484375,0.08125,0.06640625,0.09296875,0.025,0.04140625,0.02265625,0.04140625,0.04921875,0.06875,0.05390625,0.075,0.00859375,0.02734375,P08183,CHEMBL4302
0,sp|O15244|S22A2_HUMAN,0.06846846846846846,0.023423423423423424,0.03063063063063063,0.045045045045045036,0.055855855855855854,0.07567567567567568,0.014414414414414416,0.07567567567567568,0.032432432432432434,0.12792792792792793,0.03423423423423423,0.03783783783783784,0.055855855855855854,0.028828828828828833,0.055855855855855854,0.055855855855855854,0.05045045045045045,0.06666666666666668,0.025225225225225224,0.03963963963963964,O15244,CHEMBL1743122
0,sp|O15245|S22A1_HUMAN,0.07942238267148015,0.02888086642599278,0.036101083032490974,0.03971119133574008,0.05234657039711192,0.07942238267148015,0.01263537906137184,0.05776173285198556,0.030685920577617324,0.14981949458483754,0.034296028880866435,0.030685920577617324,0.05415162454873646,0.032490974729241874,0.04151624548736462,0.0631768953068592,0.05234657039711192,0.0703971119133574,0.02346570397111913,0.030685920577617324,O15245,CHEMBL5685
