,#,alphatic,aromatic,postivecharge,negativecharge,uncharge,uniprot_ID,CHEMBL_ID
0,sp|Q16539|MK14_HUMAN,0.38333333333333336,0.09166666666666666,0.1388888888888889,0.1388888888888889,0.24722222222222226,Q16539,CHEMBL260
0,sp|P23219|PGH1_HUMAN,0.3656093489148581,0.12687813021702835,0.12687813021702835,0.1001669449081803,0.28046744574290483,P23219,CHEMBL221
0,sp|P36897|TGFR1_HUMAN,0.4095427435387674,0.06958250497017893,0.14314115308151093,0.10934393638170974,0.268389662027833,P36897,CHEMBL4439
0,sp|P04049|RAF1_HUMAN,0.3364197530864197,0.08179012345679013,0.1558641975308642,0.08950617283950618,0.3364197530864197,P04049,CHEMBL1906
0,sp|P45984|MK09_HUMAN,0.3608490566037736,0.08254716981132075,0.1320754716981132,0.13679245283018868,0.28773584905660377,P45984,CHEMBL4179
0,sp|P06239|LCK_HUMAN,0.34970530451866405,0.10216110019646366,0.12573673870333987,0.137524557956778,0.28487229862475444,P06239,CHEMBL258
0,sp|P00533|EGFR_HUMAN,0.3570247933884297,0.07024793388429752,0.12975206611570247,0.1140495867768595,0.32892561983471075,P00533,CHEMBL203
0,sp|Q15759|MK11_HUMAN,0.3873626373626374,0.08516483516483518,0.13736263736263735,0.13736263736263735,0.25274725274725274,Q15759,CHEMBL3961
0,sp|P09917|LOX5_HUMAN,0.3620178041543027,0.11869436201780414,0.13501483679525222,0.13649851632047474,0.24777448071216615,P09917,CHEMBL215
0,sp|P29323|EPHB2_HUMAN,0.37251184834123213,0.0881516587677725,0.11943127962085308,0.11184834123222748,0.3080568720379147,P29323,CHEMBL3290
0,sp|O43353|RIPK2_HUMAN,0.3462962962962963,0.06481481481481481,0.15,0.11666666666666667,0.32222222222222224,O43353,CHEMBL5014
0,sp|O14976|GAK_HUMAN,0.3600305110602593,0.07551487414187644,0.12051868802440885,0.12280701754385966,0.3211289092295957,O14976,CHEMBL4355
0,sp|P48730|KC1D_HUMAN,0.3542168674698795,0.0891566265060241,0.1855421686746988,0.10602409638554217,0.26506024096385544,P48730,CHEMBL2828
0,sp|P12931|SRC_HUMAN,0.36007462686567165,0.09888059701492537,0.13432835820895522,0.11753731343283585,0.2891791044776119,P12931,CHEMBL267
0,sp|P53779|MK10_HUMAN,0.3642241379310345,0.08836206896551724,0.13793103448275862,0.1206896551724138,0.28879310344827586,P53779,CHEMBL2637
0,sp|Q02763|TIE2_HUMAN,0.3745551601423488,0.08185053380782918,0.13256227758007114,0.11298932384341635,0.2980427046263345,Q02763,CHEMBL4128
0,sp|P30542|AA1R_HUMAN,0.4815950920245399,0.1165644171779141,0.098159509202454,0.061349693251533735,0.2423312883435583,P30542,CHEMBL226
0,sp|P29274|AA2AR_HUMAN,0.4805825242718447,0.09223300970873786,0.09466019417475728,0.05825242718446603,0.27427184466019416,P29274,CHEMBL251
0,sp|P05177|CP1A2_HUMAN,0.3682170542635659,0.1007751937984496,0.13953488372093026,0.09496124031007752,0.2965116279069768,P05177,CHEMBL3356
0,sp|P33261|CP2CJ_HUMAN,0.3693877551020408,0.09591836734693876,0.13673469387755102,0.11632653061224488,0.2816326530612245,P33261,CHEMBL3622
0,sp|P11712|CP2C9_HUMAN,0.37142857142857133,0.09591836734693876,0.13877551020408166,0.10816326530612247,0.2857142857142857,P11712,CHEMBL3397
0,sp|P10635|CP2D6_HUMAN,0.4124748490945674,0.0925553319919517,0.13480885311871227,0.10663983903420524,0.2535211267605634,P10635,CHEMBL289
0,sp|P11229|ACM1_HUMAN,0.3869565217391304,0.09782608695652174,0.12608695652173912,0.07608695652173914,0.3130434782608696,P11229,CHEMBL216
0,sp|O76074|PDE5A_HUMAN,0.3474285714285714,0.07885714285714286,0.14285714285714285,0.13714285714285715,0.2937142857142857,O76074,CHEMBL1827
0,sp|P04626|ERBB2_HUMAN,0.3760956175298805,0.06772908366533864,0.11553784860557767,0.11314741035856575,0.32749003984063746,P04626,CHEMBL1824
0,sp|P24557|THAS_HUMAN,0.3883677298311445,0.10318949343339588,0.1350844277673546,0.11069418386491556,0.2626641651031895,P24557,CHEMBL1835
0,sp|Q99572|P2RX7_HUMAN,0.3092436974789916,0.11932773109243698,0.14621848739495802,0.10420168067226893,0.32100840336134456,Q99572,CHEMBL4805
0,sp|O15264|MK13_HUMAN,0.3643835616438356,0.10410958904109588,0.1643835616438356,0.12876712328767126,0.23835616438356164,O15264,CHEMBL2939
0,sp|Q12809|KCNH2_HUMAN,0.39603106125970666,0.07420189818809317,0.1276962899050906,0.0992234685073339,0.3028472821397757,Q12809,CHEMBL240
0,sp|Q96FL8|S47A1_HUMAN,0.5175438596491229,0.08596491228070176,0.08070175438596491,0.059649122807017535,0.256140350877193,Q96FL8,CHEMBL1743126
0,sp|O95067|CCNB2_HUMAN,0.3819095477386935,0.06532663316582915,0.15326633165829145,0.11306532663316585,0.2864321608040201,O95067,CHEMBL2094127
0,sp|O96020|CCNE2_HUMAN,0.33910891089108913,0.09158415841584157,0.1485148514851485,0.1188118811881188,0.301980198019802,O96020,CHEMBL2094126
0,sp|P30279|CCND2_HUMAN,0.3737024221453287,0.06228373702422145,0.1314878892733564,0.1522491349480969,0.28027681660899656,P30279,CHEMBL2095942
0,sp|P06493|CDK1_HUMAN,0.3838383838383838,0.09764309764309764,0.15824915824915825,0.12457912457912458,0.2356902356902357,P06493,CHEMBL308
0,sp|P35968|VGFR2_HUMAN,0.3635693215339233,0.07964601769911504,0.1261061946902655,0.12684365781710916,0.30383480825958703,P35968,CHEMBL279
0,sp|P55263|ADK_HUMAN,0.3784530386740331,0.08839779005524863,0.15469613259668508,0.13812154696132595,0.2403314917127072,P55263,CHEMBL3589
0,sp|P09619|PGFRB_HUMAN,0.3752260397830018,0.07866184448462929,0.10940325497287524,0.13743218806509944,0.29927667269439423,P09619,CHEMBL1913
0,sp|P11802|CDK4_HUMAN,0.4125412541254125,0.08250825082508251,0.1419141914191419,0.1188118811881188,0.24422442244224424,P11802,CHEMBL331
0,sp|P24941|CDK2_HUMAN,0.3959731543624161,0.10067114093959732,0.15771812080536912,0.11073825503355704,0.2348993288590604,P24941,CHEMBL301
0,sp|Q02750|MP2K1_HUMAN,0.3969465648854962,0.06361323155216285,0.13994910941475827,0.1272264631043257,0.272264631043257,Q02750,CHEMBL3587
0,sp|P06241|FYN_HUMAN,0.3631284916201117,0.1042830540037244,0.13966480446927373,0.1266294227188082,0.26629422718808193,P06241,CHEMBL1841
0,sp|P35462|DRD3_HUMAN,0.42,0.0975,0.1075,0.05,0.325,P35462,CHEMBL234
0,sp|Q9UNQ0|ABCG2_HUMAN,0.4259541984732824,0.10534351145038168,0.1099236641221374,0.07786259541984733,0.2809160305343512,Q9UNQ0,CHEMBL5393
0,sp|P49759|CLK1_HUMAN,0.26859504132231404,0.09710743801652892,0.243801652892562,0.14049586776859505,0.25,P49759,CHEMBL4224
0,sp|P49137|MAPK2_HUMAN,0.345,0.0775,0.155,0.11,0.3125,P49137,CHEMBL2208
0,sp|P14679|TYRO_HUMAN,0.3270321361058601,0.1285444234404537,0.11531190926275993,0.10775047258979206,0.32136105860113423,P14679,CHEMBL1973
0,sp|P46059|S15A1_HUMAN,0.4251412429378531,0.12005649717514125,0.09463276836158192,0.0692090395480226,0.2909604519774011,P46059,CHEMBL4605
0,sp|O95342|ABCBB_HUMAN,0.4224072672218017,0.09689629068887208,0.11430734292202875,0.10825132475397428,0.25813777441332325,O95342,CHEMBL6020
0,sp|Q92887|MRP2_HUMAN,0.4090614886731392,0.0970873786407767,0.1203883495145631,0.0964401294498382,0.27702265372168283,Q92887,CHEMBL5748
0,sp|O15438|MRP3_HUMAN,0.44662737393582186,0.09561231172233137,0.10674525212835624,0.08906352324819908,0.26195153896529144,O15438,CHEMBL5918
0,sp|O15439|MRP4_HUMAN,0.4181132075471698,0.09735849056603774,0.12679245283018867,0.10037735849056603,0.2573584905660377,O15439,CHEMBL1743128
0,sp|Q01650|LAT1_HUMAN,0.4990138067061144,0.11637080867850097,0.07297830374753451,0.0611439842209073,0.2504930966469428,Q01650,CHEMBL4459
0,sp|Q99558|M3K14_HUMAN,0.3484688489968321,0.058078141499472026,0.15100316789862725,0.11298838437170013,0.32946145723336856,Q99558,CHEMBL5888
0,sp|P35354|PGH2_HUMAN,0.3460264900662252,0.1175496688741722,0.13245033112582782,0.10264900662251657,0.30132450331125826,P35354,CHEMBL230
0,sp|P04183|KITH_HUMAN,0.41452991452991456,0.07264957264957267,0.13247863247863248,0.09401709401709403,0.2863247863247863,P04183,CHEMBL2883
0,sp|O00142|KITM_HUMAN,0.35471698113207545,0.08679245283018867,0.1811320754716981,0.12830188679245286,0.2490566037735849,O00142,CHEMBL4580
0,sp|P08684|CP3A4_HUMAN,0.3836978131212724,0.10337972166998012,0.13518886679920478,0.11332007952286285,0.2644135188866799,P08684,CHEMBL340
0,sp|P17948|VGFR1_HUMAN,0.3415545590433483,0.08594917787742899,0.14872944693572496,0.11285500747384156,0.3109118086696562,P17948,CHEMBL1868
0,sp|P10721|KIT_HUMAN,0.3555327868852459,0.1014344262295082,0.13114754098360654,0.11372950819672133,0.29815573770491804,P10721,CHEMBL1936
0,sp|P08581|MET_HUMAN,0.3589928057553957,0.08920863309352517,0.12949640287769784,0.0985611510791367,0.3237410071942446,P08581,CHEMBL3717
0,sp|P08069|IGF1R_HUMAN,0.3496708119970739,0.0958302852962692,0.1258229700073153,0.12801755669348938,0.3006583760058522,P08069,CHEMBL1957
0,sp|P35916|VGFR3_HUMAN,0.3690388848129127,0.08363903154805576,0.13573000733675716,0.12619222303741745,0.2853998532648569,P35916,CHEMBL1955
0,sp|Q8NER1|TRPV1_HUMAN,0.3754469606674613,0.10846245530393324,0.12753277711561384,0.1132300357568534,0.2753277711561383,Q8NER1,CHEMBL4794
0,sp|P30556|AGTR1_HUMAN,0.4233983286908078,0.1392757660167131,0.11699164345403901,0.052924791086350974,0.26740947075208915,P30556,CHEMBL227
0,sp|P0DMS8|AA3R_HUMAN,0.4716981132075472,0.1320754716981132,0.09433962264150944,0.0440251572327044,0.2578616352201258,P0DMS8,CHEMBL256
0,sp|P18089|ADA2B_HUMAN,0.4088888888888889,0.10666666666666667,0.11555555555555555,0.08444444444444445,0.28444444444444444,P18089,CHEMBL1942
0,sp|P13945|ADRB3_HUMAN,0.4754901960784314,0.08333333333333333,0.08823529411764706,0.04411764705882353,0.3088235294117647,P13945,CHEMBL246
0,sp|P23975|SC6A2_HUMAN,0.4554294975688817,0.15559157212317667,0.08914100486223663,0.06807131280388977,0.2317666126418152,P23975,CHEMBL222
0,sp|P49840|GSK3A_HUMAN,0.40993788819875776,0.07867494824016563,0.11180124223602483,0.08074534161490682,0.3188405797101449,P49840,CHEMBL2850
0,sp|P43405|KSYK_HUMAN,0.3716535433070866,0.10078740157480316,0.15590551181102366,0.11811023622047245,0.25354330708661416,P43405,CHEMBL2599
0,sp|Q13315|ATM_HUMAN,0.3606020942408377,0.08409685863874346,0.14332460732984292,0.12729057591623036,0.2846858638743455,Q13315,CHEMBL3797
0,sp|P49841|GSK3B_HUMAN,0.35,0.09047619047619047,0.1357142857142857,0.09761904761904762,0.3261904761904762,P49841,CHEMBL262
0,sp|P10145|IL8_HUMAN,0.3939393939393939,0.060606060606060615,0.18181818181818185,0.1111111111111111,0.2525252525252525,P10145,CHEMBL2157
0,sp|P15121|ALDR_HUMAN,0.3734177215189873,0.08860759493670886,0.14240506329113925,0.12025316455696206,0.27531645569620256,P15121,CHEMBL1900
0,sp|P16234|PGFRA_HUMAN,0.3682277318640955,0.0844811753902663,0.12672176308539945,0.14692378328741965,0.2736455463728191,P16234,CHEMBL2007
0,sp|P78527|PRKDC_HUMAN,0.37645348837209297,0.08793604651162791,0.14074612403100775,0.12233527131782945,0.27252906976744184,P78527,CHEMBL3142
0,sp|O60755|GALR3_HUMAN,0.5027173913043478,0.1032608695652174,0.13043478260869565,0.04619565217391304,0.21739130434782608,O60755,CHEMBL2731
0,sp|P24468|COT2_HUMAN,0.3695652173913043,0.07246376811594203,0.12318840579710146,0.07729468599033816,0.35748792270531393,P24468,CHEMBL1961790
0,sp|P43403|ZAP70_HUMAN,0.3747980613893376,0.0936995153473344,0.15347334410339256,0.12439418416801293,0.25363489499192243,P43403,CHEMBL2803
0,sp|P10275|ANDR_HUMAN,0.3793478260869565,0.075,0.10869565217391304,0.1,0.33695652173913043,P10275,CHEMBL1871
0,sp|P04150|GCR_HUMAN,0.3462033462033462,0.0682110682110682,0.11454311454311455,0.1093951093951094,0.3616473616473617,P04150,CHEMBL2034
0,sp|P08235|MCR_HUMAN,0.3201219512195122,0.07215447154471545,0.11077235772357724,0.09044715447154472,0.4065040650406504,P08235,CHEMBL1994
0,sp|P06401|PRGR_HUMAN,0.4019292604501608,0.062165058949624874,0.10289389067524116,0.09646302250803858,0.3365487674169346,P06401,CHEMBL208
0,sp|P35610|SOAT1_HUMAN,0.3672727272727273,0.18545454545454546,0.12727272727272726,0.08363636363636362,0.2363636363636364,P35610,CHEMBL2782
0,sp|P03372|ESR1_HUMAN,0.4,0.07226890756302523,0.14453781512605046,0.10084033613445377,0.2823529411764706,P03372,CHEMBL206
0,sp|Q92731|ESR2_HUMAN,0.3679245283018868,0.06226415094339624,0.15660377358490565,0.09433962264150944,0.3188679245283019,Q92731,CHEMBL242
0,sp|Q16850|CP51A_HUMAN,0.3976143141153082,0.10337972166998012,0.13916500994035785,0.10337972166998012,0.25646123260437376,Q16850,CHEMBL3849
0,sp|Q99720|SGMR1_HUMAN,0.4484304932735426,0.13901345291479822,0.09865470852017937,0.09417040358744394,0.21973094170403587,Q99720,CHEMBL287
0,sp|P08183|MDR1_HUMAN,0.44296875,0.090625,0.13046875,0.10234375,0.23359375,P08183,CHEMBL4302
0,sp|O15244|S22A2_HUMAN,0.4486486486486487,0.12072072072072072,0.10270270270270272,0.07567567567567568,0.25225225225225223,O15244,CHEMBL1743122
0,sp|O15245|S22A1_HUMAN,0.4711191335740072,0.10649819494584838,0.08483754512635379,0.07581227436823104,0.2617328519855596,O15245,CHEMBL5685
0,sp|O75751|S22A3_HUMAN,0.4694244604316547,0.11510791366906475,0.09532374100719423,0.0683453237410072,0.2517985611510791,O75751,CHEMBL2073673
0,sp|P56373|P2RX3_HUMAN,0.37279596977329976,0.11335012594458438,0.11586901763224182,0.10327455919395466,0.2947103274559194,P56373,CHEMBL2998
0,sp|P17252|KPCA_HUMAN,0.3348214285714285,0.10416666666666667,0.1636904761904762,0.13839285714285715,0.25892857142857145,P17252,CHEMBL299
0,sp|P05771|KPCB_HUMAN,0.3248882265275708,0.10730253353204174,0.16393442622950818,0.14157973174366614,0.26229508196721313,P05771,CHEMBL3045
0,sp|P05129|KPCG_HUMAN,0.3500717360114778,0.10473457675753227,0.15064562410329985,0.11908177905308465,0.27546628407460544,P05129,CHEMBL2938
0,sp|Q05655|KPCD_HUMAN,0.3461538461538461,0.11094674556213018,0.16420118343195267,0.13165680473372782,0.2470414201183432,Q05655,CHEMBL2996
0,sp|Q02156|KPCE_HUMAN,0.3554952510176391,0.08683853459972862,0.1614654002713704,0.13704206241519673,0.2591587516960651,Q02156,CHEMBL3582
0,sp|P28482|MK01_HUMAN,0.3805555555555555,0.09722222222222222,0.1527777777777778,0.125,0.24444444444444444,P28482,CHEMBL4040
0,sp|P36888|FLT3_HUMAN,0.337361530715005,0.1148036253776435,0.11681772406847934,0.11983887210473315,0.311178247734139,P36888,CHEMBL1974
0,sp|P00519|ABL1_HUMAN,0.3486725663716814,0.06371681415929202,0.1504424778761062,0.1168141592920354,0.32035398230088497,P00519,CHEMBL1862
0,sp|Q9UM73|ALK_HUMAN,0.3925925925925926,0.07530864197530865,0.11975308641975307,0.09938271604938273,0.3129629629629629,Q9UM73,CHEMBL4247
0,sp|P07949|RET_HUMAN,0.3671454219030521,0.09156193895870736,0.13016157989228008,0.118491921005386,0.2926391382405745,P07949,CHEMBL2041
0,sp|P27361|MK03_HUMAN,0.38786279683377306,0.08970976253298152,0.14511873350923482,0.1266490765171504,0.2506596306068601,P27361,CHEMBL3385
0,sp|O14920|IKKB_HUMAN,0.3544973544973545,0.062169312169312166,0.1335978835978836,0.13624338624338625,0.3134920634920635,O14920,CHEMBL1991
0,sp|P04792|HSPB1_HUMAN,0.3268292682926829,0.08780487804878047,0.13658536585365855,0.12682926829268293,0.32195121951219513,P04792,CHEMBL5976
0,sp|P45983|MK08_HUMAN,0.3747072599531616,0.07962529274004684,0.14285714285714285,0.12412177985948478,0.2786885245901639,P45983,CHEMBL2276
0,sp|Q9H2G2|SLK_HUMAN,0.2939271255060729,0.04129554655870445,0.17165991902834007,0.20161943319838055,0.291497975708502,Q9H2G2,CHEMBL4202
0,sp|Q9UKE5|TNIK_HUMAN,0.3220588235294118,0.06029411764705881,0.1713235294117647,0.1463235294117647,0.3,Q9UKE5,CHEMBL4527
0,sp|P15056|BRAF_HUMAN,0.3616187989556136,0.07571801566579635,0.13185378590078328,0.10574412532637076,0.32506527415143605,P15056,CHEMBL5145
0,sp|P42684|ABL2_HUMAN,0.3604060913705584,0.0676818950930626,0.13705583756345174,0.10998307952622674,0.3248730964467005,P42684,CHEMBL4014
0,sp|P31749|AKT1_HUMAN,0.3333333333333333,0.10833333333333334,0.16458333333333333,0.16041666666666668,0.2333333333333333,P31749,CHEMBL4282
0,sp|P31751|AKT2_HUMAN,0.34303534303534305,0.10810810810810813,0.1600831600831601,0.15176715176715178,0.23700623700623705,P31751,CHEMBL2431
0,sp|Q9Y243|AKT3_HUMAN,0.3194154488517745,0.11064718162839247,0.1649269311064718,0.162839248434238,0.2421711899791232,Q9Y243,CHEMBL4816
0,sp|P36896|ACV1B_HUMAN,0.41386138613861373,0.08712871287128712,0.13861386138613865,0.11287128712871287,0.2475247524752475,P36896,CHEMBL5310
0,sp|O60285|NUAK1_HUMAN,0.33434190620272314,0.06505295007564296,0.17851739788199694,0.12859304084720122,0.2934947049924357,O60285,CHEMBL5784
0,sp|Q99683|M3K5_HUMAN,0.3653566229985444,0.0858806404657933,0.13901018922852984,0.14046579330422124,0.2692867540029112,Q99683,CHEMBL5285
0,sp|O14965|AURKA_HUMAN,0.3200992555831266,0.07196029776674938,0.17369727047146402,0.1042183622828784,0.33002481389578164,O14965,CHEMBL4722
0,sp|P30530|UFO_HUMAN,0.3870246085011186,0.07494407158836687,0.10626398210290827,0.11521252796420582,0.31655480984340045,P30530,CHEMBL4895
0,sp|P51451|BLK_HUMAN,0.3722772277227723,0.09702970297029703,0.1504950495049505,0.1306930693069307,0.2495049504950495,P51451,CHEMBL2250
0,sp|P51813|BMX_HUMAN,0.30666666666666664,0.1111111111111111,0.16444444444444445,0.11851851851851852,0.2992592592592593,P51813,CHEMBL3834
0,sp|Q13882|PTK6_HUMAN,0.37250554323725055,0.10199556541019957,0.16407982261640802,0.13082039911308205,0.23059866962305986,Q13882,CHEMBL4601
0,sp|Q8TDC3|BRSK1_HUMAN,0.34704370179948585,0.055269922879177376,0.16838046272493573,0.10925449871465297,0.3200514138817481,Q8TDC3,CHEMBL5650
0,sp|Q06187|BTK_HUMAN,0.3277693474962064,0.10925644916540213,0.15477996965098634,0.1289833080424886,0.27921092564491656,Q06187,CHEMBL5251
0,sp|Q13554|KCC2B_HUMAN,0.3708708708708709,0.06306306306306306,0.13813813813813813,0.1096096096096096,0.3183183183183183,Q13554,CHEMBL4121
0,sp|Q13557|KCC2D_HUMAN,0.3627254509018036,0.08617234468937876,0.15831663326653306,0.12625250501002006,0.2665330661322645,Q13557,CHEMBL2801
0,sp|P78396|CCNA1_HUMAN,0.3913978494623656,0.0989247311827957,0.10967741935483873,0.13118279569892474,0.26881720430107525,P78396,CHEMBL2094128
0,sp|O14757|CHK1_HUMAN,0.3445378151260504,0.08823529411764706,0.15966386554621848,0.12815126050420167,0.2794117647058824,O14757,CHEMBL4630
0,sp|O96017|CHK2_HUMAN,0.3314917127071823,0.08287292817679558,0.13996316758747698,0.13996316758747698,0.3057090239410681,O96017,CHEMBL2527
0,sp|P48729|KC1A_HUMAN,0.3590504451038576,0.11572700296735905,0.17507418397626112,0.09792284866468842,0.2522255192878338,P48729,CHEMBL2793
0,sp|P68400|CSK21_HUMAN,0.3657289002557545,0.10485933503836316,0.16624040920716113,0.12531969309462915,0.2378516624040921,P68400,CHEMBL3629
0,sp|P41240|CSK_HUMAN,0.3977777777777778,0.09555555555555556,0.14888888888888888,0.1288888888888889,0.2288888888888889,P41240,CHEMBL2634
0,sp|P53355|DAPK1_HUMAN,0.38461538461538464,0.07202797202797202,0.14335664335664336,0.12027972027972028,0.2797202797202797,P53355,CHEMBL2558
0,sp|Q16832|DDR2_HUMAN,0.3719298245614035,0.10526315789473684,0.11228070175438597,0.12280701754385966,0.28771929824561404,Q16832,CHEMBL5122
0,sp|Q9UEE5|ST17A_HUMAN,0.3719806763285024,0.06763285024154589,0.13768115942028986,0.16183574879227053,0.2608695652173913,Q9UEE5,CHEMBL4525
0,sp|P21709|EPHA1_HUMAN,0.3862704918032787,0.07581967213114754,0.1260245901639344,0.11065573770491803,0.3012295081967213,P21709,CHEMBL5810
0,sp|P29317|EPHA2_HUMAN,0.38114754098360654,0.09221311475409837,0.12295081967213115,0.11782786885245902,0.2858606557377049,P29317,CHEMBL2068
0,sp|P29320|EPHA3_HUMAN,0.353001017293998,0.08850457782299084,0.12817904374364192,0.11698880976602237,0.3133265513733469,P29320,CHEMBL4954
0,sp|P54764|EPHA4_HUMAN,0.372210953346856,0.08620689655172414,0.12474645030425965,0.1176470588235294,0.29918864097363085,P54764,CHEMBL3988
0,sp|P54756|EPHA5_HUMAN,0.3809064609450338,0.08196721311475409,0.12921890067502412,0.11378977820636453,0.29411764705882354,P54756,CHEMBL3987
0,sp|P54762|EPHB1_HUMAN,0.36686991869918706,0.09451219512195122,0.11585365853658534,0.11077235772357724,0.3119918699186992,P54762,CHEMBL5072
0,sp|P54753|EPHB3_HUMAN,0.3777555110220441,0.0841683366733467,0.11322645290581165,0.1092184368737475,0.3156312625250501,P54753,CHEMBL4901
0,sp|P54760|EPHB4_HUMAN,0.3931104356636271,0.08308004052684904,0.12563323201621074,0.11144883485309018,0.2867274569402229,P54760,CHEMBL5147
0,sp|Q15303|ERBB4_HUMAN,0.34021406727828746,0.08944954128440367,0.12691131498470948,0.1169724770642202,0.3264525993883792,Q15303,CHEMBL3009
0,sp|Q05397|FAK1_HUMAN,0.3574144486692015,0.0779467680608365,0.1444866920152091,0.13022813688212928,0.2899239543726236,Q05397,CHEMBL2695
0,sp|P16591|FER_HUMAN,0.3564476885644769,0.06934306569343067,0.1630170316301703,0.1435523114355231,0.26763990267639903,P16591,CHEMBL3982
0,sp|P07332|FES_HUMAN,0.3734793187347932,0.06447688564476886,0.15206812652068127,0.13017031630170314,0.2798053527980535,P07332,CHEMBL5455
0,sp|P11362|FGFR1_HUMAN,0.3613138686131387,0.07542579075425791,0.13503649635036494,0.12773722627737227,0.3004866180048662,P11362,CHEMBL3650
0,sp|P21802|FGFR2_HUMAN,0.3654080389768575,0.08404384896467723,0.12911084043848964,0.12911084043848964,0.29232643118148605,P21802,CHEMBL4142
0,sp|P22607|FGFR3_HUMAN,0.40198511166253104,0.06947890818858561,0.12531017369727046,0.1240694789081886,0.27915632754342434,P22607,CHEMBL2742
0,sp|P22455|FGFR4_HUMAN,0.4089775561097257,0.07481296758104737,0.12718204488778054,0.1084788029925187,0.2805486284289277,P22455,CHEMBL3973
0,sp|P09769|FGR_HUMAN,0.3724007561436673,0.10586011342155008,0.12476370510396975,0.13043478260869565,0.2665406427221172,P09769,CHEMBL4454
0,sp|P07333|CSF1R_HUMAN,0.3775720164609053,0.09465020576131687,0.11213991769547324,0.10082304526748972,0.3148148148148148,P07333,CHEMBL1844
0,sp|P34947|GRK5_HUMAN,0.3305084745762712,0.09322033898305083,0.17457627118644067,0.14067796610169492,0.2610169491525424,P34947,CHEMBL5678
0,sp|P43250|GRK6_HUMAN,0.3472222222222222,0.09027777777777778,0.16666666666666666,0.1371527777777778,0.2586805555555556,P43250,CHEMBL6144
0,sp|P08631|HCK_HUMAN,0.34220532319391633,0.09695817490494296,0.14638783269961975,0.13498098859315588,0.27946768060836497,P08631,CHEMBL3234
0,sp|Q86Z02|HIPK1_HUMAN,0.3537190082644628,0.06776859504132231,0.10413223140495867,0.06611570247933883,0.40826446280991735,Q86Z02,CHEMBL5427
0,sp|Q9H422|HIPK3_HUMAN,0.3358024691358025,0.06502057613168724,0.1242798353909465,0.08641975308641975,0.38847736625514395,Q9H422,CHEMBL4577
0,sp|P06213|INSR_HUMAN,0.3451519536903039,0.09406657018813314,0.1345875542691751,0.12735166425470332,0.2988422575976845,P06213,CHEMBL1981
0,sp|P51617|IRAK1_HUMAN,0.3848314606741573,0.06882022471910113,0.1095505617977528,0.09691011235955056,0.3398876404494382,P51617,CHEMBL3357
0,sp|Q9NWZ3|IRAK4_HUMAN,0.3630434782608696,0.07391304347826087,0.13043478260869565,0.14130434782608695,0.2913043478260869,Q9NWZ3,CHEMBL3778
0,sp|P14616|INSRR_HUMAN,0.38704703161141096,0.08404009252120277,0.12336160370084813,0.11025443330763302,0.2952968388589052,P14616,CHEMBL5483
0,sp|O60674|JAK2_HUMAN,0.3401060070671378,0.10335689045936396,0.1519434628975265,0.12632508833922262,0.2782685512367491,O60674,CHEMBL2971
0,sp|P52333|JAK3_HUMAN,0.3976868327402136,0.0809608540925267,0.1396797153024911,0.1112099644128114,0.2704626334519573,P52333,CHEMBL2148
0,sp|P07948|LYN_HUMAN,0.3515625,0.103515625,0.154296875,0.142578125,0.248046875,P07948,CHEMBL3905
0,sp|Q16644|MAPK3_HUMAN,0.3612565445026178,0.07329842931937172,0.1544502617801047,0.1256544502617801,0.28534031413612565,Q16644,CHEMBL4670
0,sp|Q8IW41|MAPK5_HUMAN,0.3594080338266385,0.06342494714587738,0.1733615221987315,0.1331923890063425,0.27061310782241016,Q8IW41,CHEMBL3094
0,sp|Q9P0L2|MARK1_HUMAN,0.3220125786163522,0.06540880503144654,0.17232704402515722,0.11949685534591195,0.3207547169811321,Q9P0L2,CHEMBL5940
0,sp|Q7KZI7|MARK2_HUMAN,0.32614213197969544,0.06472081218274113,0.17258883248730966,0.1065989847715736,0.3299492385786802,Q7KZI7,CHEMBL3831
0,sp|Q8N4C8|MINK1_HUMAN,0.3333333333333333,0.06231231231231231,0.16066066066066065,0.13363363363363365,0.31006006006006004,Q8N4C8,CHEMBL5518
0,sp|P80192|M3K9_HUMAN,0.33695652173913043,0.059782608695652176,0.13677536231884058,0.13768115942028986,0.328804347826087,P80192,CHEMBL2872
0,sp|O75582|KS6A5_HUMAN,0.3603491271820449,0.0798004987531172,0.1633416458852868,0.13092269326683292,0.2655860349127182,O75582,CHEMBL4237
0,sp|O75676|KS6A4_HUMAN,0.39896373056994816,0.07642487046632124,0.15284974093264247,0.11917098445595856,0.25259067357512954,O75676,CHEMBL3125
0,sp|Q13043|STK4_HUMAN,0.351129363449692,0.06776180698151951,0.13963039014373715,0.16837782340862426,0.2731006160164271,Q13043,CHEMBL4598
0,sp|Q13188|STK3_HUMAN,0.3360488798370672,0.07128309572301425,0.14663951120162932,0.1670061099796334,0.2790224032586558,Q13188,CHEMBL4708
0,sp|P51956|NEK3_HUMAN,0.3359683794466403,0.07509881422924901,0.1600790513833992,0.13636363636363635,0.2924901185770751,P51956,CHEMBL5679
0,sp|Q9UBE8|NLK_HUMAN,0.3889943074003795,0.0683111954459203,0.1650853889943074,0.07969639468690702,0.29791271347248577,Q9UBE8,CHEMBL5364
0,sp|P53778|MK12_HUMAN,0.3869209809264305,0.09536784741144416,0.1553133514986376,0.14713896457765668,0.21525885558583105,P53778,CHEMBL4674
0,sp|P23443|KS6B1_HUMAN,0.3657142857142857,0.08761904761904762,0.1561904761904762,0.14095238095238094,0.24952380952380954,P23443,CHEMBL4501
0,sp|Q13177|PAK2_HUMAN,0.3645038167938932,0.05916030534351145,0.1431297709923664,0.1431297709923664,0.2900763358778626,Q13177,CHEMBL4487
0,sp|O75914|PAK3_HUMAN,0.3434704830053667,0.05724508050089445,0.13774597495527727,0.14847942754919502,0.3130590339892665,O75914,CHEMBL2999
0,sp|O96013|PAK4_HUMAN,0.3857868020304568,0.04737732656514383,0.16243654822335024,0.10490693739424704,0.29949238578680204,O96013,CHEMBL4482
0,sp|Q9P286|PAK5_HUMAN,0.3087621696801113,0.09040333796940196,0.1502086230876217,0.10848400556328233,0.3421418636995828,Q9P286,CHEMBL4524
0,sp|Q9NQU5|PAK6_HUMAN,0.35976505139500736,0.05580029368575624,0.14684287812041116,0.09251101321585904,0.34508076358296624,Q9NQU5,CHEMBL4311
0,sp|Q96RG2|PASK_HUMAN,0.3915343915343915,0.06349206349206349,0.09977324263038548,0.1345427059712774,0.3106575963718821,Q96RG2,CHEMBL6054
0,sp|Q15118|PDK1_HUMAN,0.3738532110091743,0.10321100917431192,0.14220183486238533,0.10321100917431192,0.2775229357798165,Q15118,CHEMBL4766
0,sp|P15735|PHKG2_HUMAN,0.3793103448275862,0.08374384236453201,0.15763546798029554,0.14285714285714285,0.2364532019704433,P15735,CHEMBL2349
0,sp|P11309|PIM1_HUMAN,0.3801916932907348,0.08945686900958466,0.1501597444089457,0.14057507987220447,0.2396166134185304,P11309,CHEMBL2147
0,sp|Q9P1W9|PIM2_HUMAN,0.40836012861736337,0.08038585209003216,0.12540192926045016,0.12218649517684887,0.26366559485530544,Q9P1W9,CHEMBL4523
0,sp|P24723|KPCL_HUMAN,0.3601756954612006,0.09663250366032212,0.15666178623718888,0.11273792093704245,0.27379209370424595,P24723,CHEMBL3616
0,sp|Q15139|KPCD1_HUMAN,0.3717105263157895,0.07017543859649122,0.13925438596491227,0.11951754385964912,0.2993421052631579,Q15139,CHEMBL3863
0,sp|Q04759|KPCT_HUMAN,0.3356940509915014,0.1048158640226629,0.1671388101983003,0.13031161473087818,0.26203966005665724,Q04759,CHEMBL3920
0,sp|Q9BZL6|KPCD2_HUMAN,0.3735763097949886,0.07175398633257403,0.13439635535307518,0.11047835990888384,0.3097949886104784,Q9BZL6,CHEMBL4900
0,sp|Q13976|KGP1_HUMAN,0.3621460506706408,0.09538002980625933,0.15648286140089418,0.15499254843517138,0.2309985096870343,Q13976,CHEMBL4273
0,sp|P53350|PLK1_HUMAN,0.3698175787728025,0.08291873963515754,0.1691542288557214,0.11774461028192372,0.2603648424543947,P53350,CHEMBL3024
0,sp|Q9NYY3|PLK2_HUMAN,0.3328467153284672,0.08321167883211679,0.17518248175182485,0.1167883211678832,0.291970802919708,Q9NYY3,CHEMBL5938
0,sp|Q9H4B4|PLK3_HUMAN,0.3839009287925697,0.07894736842105263,0.15325077399380804,0.0959752321981424,0.28792569659442724,Q9H4B4,CHEMBL4897
0,sp|P51817|PRKX_HUMAN,0.3631284916201117,0.11452513966480447,0.16201117318435754,0.13687150837988826,0.223463687150838,P51817,CHEMBL5818
0,sp|Q14289|FAK2_HUMAN,0.356788899900892,0.07730426164519326,0.14469772051536176,0.13974231912784935,0.2814667988107037,Q14289,CHEMBL5469
0,sp|Q13464|ROCK1_HUMAN,0.3057607090103397,0.06573116691285083,0.1809453471196455,0.1824224519940916,0.2651403249630724,Q13464,CHEMBL3231
0,sp|O75116|ROCK2_HUMAN,0.3198847262247839,0.058357348703170026,0.17795389048991356,0.17723342939481268,0.2665706051873199,O75116,CHEMBL2973
0,sp|Q04912|RON_HUMAN,0.4071428571428571,0.07428571428571429,0.11285714285714285,0.09571428571428572,0.31,Q04912,CHEMBL2689
0,sp|P08922|ROS1_HUMAN,0.3638687686408181,0.1077971878994461,0.10737111205794632,0.10311035364294843,0.3178525777588411,P08922,CHEMBL5568
0,sp|Q15418|KS6A1_HUMAN,0.3755102040816327,0.08571428571428573,0.1619047619047619,0.1251700680272109,0.25170068027210885,Q15418,CHEMBL2553
0,sp|O00141|SGK1_HUMAN,0.3549883990719257,0.10208816705336426,0.1531322505800464,0.10672853828306264,0.2830626450116009,O00141,CHEMBL2343
0,sp|Q9BYT3|STK33_HUMAN,0.3307392996108949,0.058365758754863814,0.1614785992217899,0.14591439688715954,0.3035019455252918,Q9BYT3,CHEMBL6005
0,sp|Q9UHD2|TBK1_HUMAN,0.3717421124828532,0.08641975308641975,0.15912208504801098,0.13580246913580246,0.2469135802469136,Q9UHD2,CHEMBL5408
0,sp|P04629|NTRK1_HUMAN,0.4221105527638191,0.07788944723618091,0.12060301507537688,0.10050251256281408,0.27889447236180903,P04629,CHEMBL2815
0,sp|Q16620|NTRK2_HUMAN,0.3722627737226277,0.08637469586374696,0.12652068126520682,0.10827250608272508,0.30656934306569344,Q16620,CHEMBL4898
0,sp|Q96PF2|TSSK2_HUMAN,0.36033519553072624,0.07541899441340782,0.19832402234636876,0.13687150837988826,0.2290502793296089,Q96PF2,CHEMBL6014
0,sp|Q9Y3S1|WNK2_HUMAN,0.36874183717892905,0.040052242054854165,0.10927296473661298,0.10579016107966914,0.3761427949499347,Q9Y3S1,CHEMBL5639
0,sp|P07947|YES_HUMAN,0.36464088397790057,0.10313075506445672,0.13075506445672191,0.12154696132596685,0.279926335174954,P07947,CHEMBL2073
0,sp|O43293|DAPK3_HUMAN,0.3568281938325991,0.07709251101321586,0.18722466960352424,0.17180616740088106,0.20704845814977973,O43293,CHEMBL2468
0,sp|P62993|GRB2_HUMAN,0.3179723502304148,0.1336405529953917,0.15668202764976955,0.14746543778801846,0.24423963133640555,P62993,CHEMBL3663
0,sp|P40925|MDHC_HUMAN,0.43712574850299396,0.0688622754491018,0.1347305389221557,0.12275449101796408,0.23652694610778446,P40925,CHEMBL3560
0,sp|O15554|KCNN4_HUMAN,0.4847775175644028,0.07494145199063232,0.14754098360655735,0.06557377049180327,0.22716627634660425,O15554,CHEMBL4305
0,sp|P22001|KCNA3_HUMAN,0.3791304347826087,0.10260869565217393,0.11304347826086955,0.11304347826086955,0.2921739130434783,P22001,CHEMBL4633
0,sp|P11511|CP19A_HUMAN,0.4115308151093439,0.09741550695825048,0.14314115308151093,0.1172962226640159,0.23061630218687876,P11511,CHEMBL1978
0,sp|P22303|ACES_HUMAN,0.4136807817589577,0.10912052117263844,0.11074918566775244,0.1026058631921824,0.26384364820846906,P22303,CHEMBL220
0,sp|P25100|ADA1D_HUMAN,0.4702797202797202,0.08391608391608392,0.12237762237762237,0.07342657342657342,0.25,P25100,CHEMBL223
0,sp|P08913|ADA2A_HUMAN,0.421505376344086,0.1010752688172043,0.12473118279569892,0.07311827956989247,0.27956989247311825,P08913,CHEMBL1867
0,sp|P08588|ADRB1_HUMAN,0.4444444444444444,0.0859538784067086,0.1111111111111111,0.07337526205450734,0.2851153039832285,P08588,CHEMBL213
0,sp|P00918|CAH2_HUMAN,0.3423076923076923,0.10384615384615384,0.16538461538461538,0.12307692307692307,0.2653846153846154,P00918,CHEMBL205
0,sp|P21728|DRD1_HUMAN,0.4013452914798206,0.1031390134529148,0.1031390134529148,0.07174887892376683,0.3206278026905829,P21728,CHEMBL2056
0,sp|P14416|DRD2_HUMAN,0.3837471783295711,0.09706546275395034,0.1489841986455982,0.06997742663656885,0.3002257336343115,P14416,CHEMBL217
0,sp|P21917|DRD4_HUMAN,0.4725536992840095,0.06205250596658711,0.09785202863961814,0.054892601431980916,0.3126491646778043,P21917,CHEMBL219
0,sp|Q01959|SC6A3_HUMAN,0.4548387096774194,0.13709677419354838,0.08548387096774193,0.07096774193548387,0.25161290322580643,Q01959,CHEMBL238
0,sp|P35367|HRH1_HUMAN,0.3716632443531828,0.10882956878850104,0.14784394250513347,0.08418891170431211,0.2874743326488706,P35367,CHEMBL231
0,sp|P25021|HRH2_HUMAN,0.4373259052924791,0.09749303621169916,0.11142061281337047,0.055710306406685235,0.29805013927576596,P25021,CHEMBL1941
0,sp|Q9Y271|CLTR1_HUMAN,0.3946587537091989,0.13056379821958458,0.1394658753709199,0.050445103857566766,0.28486646884273,Q9Y271,CHEMBL1798
0,sp|P08172|ACM2_HUMAN,0.3862660944206008,0.092274678111588,0.10944206008583693,0.06866952789699571,0.3433476394849785,P08172,CHEMBL211
0,sp|P20309|ACM3_HUMAN,0.3576271186440678,0.10508474576271186,0.12372881355932205,0.07627118644067797,0.33728813559322035,P20309,CHEMBL245
0,sp|P08173|ACM4_HUMAN,0.4050104384133612,0.09394572025052192,0.11899791231732774,0.050104384133611686,0.33194154488517746,P08173,CHEMBL1821
0,sp|P41143|OPRD_HUMAN,0.4731182795698925,0.0967741935483871,0.1021505376344086,0.05913978494623656,0.26881720430107525,P41143,CHEMBL236
0,sp|P41145|OPRK_HUMAN,0.4236842105263158,0.11578947368421053,0.09473684210526316,0.07894736842105263,0.2868421052631579,P41145,CHEMBL237
0,sp|P35372|OPRM_HUMAN,0.39,0.105,0.095,0.06,0.35,P35372,CHEMBL233
0,sp|P25105|PTAFR_HUMAN,0.4093567251461988,0.13450292397660818,0.11403508771929825,0.05263157894736842,0.2894736842105263,P25105,CHEMBL250
0,sp|P28223|5HT2A_HUMAN,0.3949044585987261,0.09766454352441614,0.09766454352441614,0.08067940552016985,0.3290870488322717,P28223,CHEMBL224
0,sp|P41595|5HT2B_HUMAN,0.41372141372141374,0.0997920997920998,0.1101871101871102,0.07276507276507277,0.30353430353430355,P41595,CHEMBL1833
0,sp|P28335|5HT2C_HUMAN,0.4344978165938865,0.08951965065502182,0.12008733624454147,0.07641921397379912,0.2794759825327511,P28335,CHEMBL225
0,sp|P50406|5HT6R_HUMAN,0.4659090909090909,0.075,0.08636363636363636,0.04772727272727273,0.325,P50406,CHEMBL3371
0,sp|P31645|SC6A4_HUMAN,0.42857142857142855,0.14761904761904762,0.0746031746031746,0.07142857142857142,0.2777777777777778,P31645,CHEMBL228
0,sp|P25103|NK1R_HUMAN,0.3980343980343981,0.14004914004914004,0.09336609336609336,0.07125307125307126,0.2972972972972973,P25103,CHEMBL249
0,sp|P21452|NK2R_HUMAN,0.44472361809045213,0.135678391959799,0.09798994974874373,0.04773869346733668,0.2738693467336684,P21452,CHEMBL2327
0,sp|P51679|CCR4_HUMAN,0.4138888888888889,0.1638888888888889,0.09166666666666666,0.07222222222222223,0.25833333333333336,P51679,CHEMBL2414
0,sp|P30518|V2R_HUMAN,0.4636118598382749,0.0862533692722372,0.11320754716981132,0.05660377358490566,0.2803234501347709,P30518,CHEMBL1790
0,sp|P25024|CXCR1_HUMAN,0.4514285714285714,0.12285714285714285,0.11142857142857143,0.06,0.2542857142857143,P25024,CHEMBL4029
0,sp|Q96RI1|NR1H4_HUMAN,0.33539094650205764,0.0823045267489712,0.14609053497942387,0.12757201646090535,0.308641975308642,Q96RI1,CHEMBL2047
0,sp|O94759|TRPM2_HUMAN,0.3799068529607452,0.09514304723885562,0.14570858283433133,0.1157684630738523,0.2634730538922156,O94759,CHEMBL1250402
0,sp|Q13936|CAC1C_HUMAN,0.3953174245835209,0.09770373705538046,0.12021611886537595,0.1080594326879784,0.27870328680774425,Q13936,CHEMBL1940
0,sp|P10632|CP2C8_HUMAN,0.3510204081632653,0.09795918367346937,0.1469387755102041,0.10408163265306122,0.3,P10632,CHEMBL3721
0,sp|Q14994|NR1I3_HUMAN,0.3892045454545455,0.07670454545454546,0.14488636363636365,0.09659090909090907,0.29261363636363635,Q14994,CHEMBL5503
0,sp|Q9BZJ3|TRYD_HUMAN,0.4256198347107438,0.07024793388429752,0.09917355371900828,0.09090909090909093,0.3140495867768595,Q9BZJ3,CHEMBL2095193
0,sp|P07477|TRY1_HUMAN,0.4048582995951417,0.08097165991902834,0.097165991902834,0.08906882591093117,0.3279352226720648,P07477,CHEMBL209
0,sp|P00747|PLMN_HUMAN,0.2814814814814815,0.08641975308641975,0.1419753086419753,0.11358024691358025,0.3765432098765432,P00747,CHEMBL1801
0,sp|P00749|UROK_HUMAN,0.3248259860788863,0.08816705336426914,0.16009280742459395,0.09048723897911833,0.33642691415313225,P00749,CHEMBL3286
0,sp|P00750|TPA_HUMAN,0.3202846975088968,0.09786476868327404,0.1405693950177936,0.099644128113879,0.3416370106761566,P00750,CHEMBL1873
0,sp|P04070|PROC_HUMAN,0.35357917570498915,0.0824295010845987,0.15184381778741865,0.13882863340563992,0.27331887201735355,P04070,CHEMBL4444
0,sp|P00734|THRB_HUMAN,0.33762057877813506,0.09003215434083603,0.1382636655948553,0.1382636655948553,0.2958199356913183,P00734,CHEMBL204
0,sp|P00742|FA10_HUMAN,0.32172131147540983,0.08401639344262295,0.14549180327868852,0.14549180327868852,0.30327868852459017,P00742,CHEMBL244
0,sp|P42336|PK3CA_HUMAN,0.3614232209737828,0.09550561797752807,0.150749063670412,0.1254681647940075,0.26685393258426965,P42336,CHEMBL4005
0,sp|Q13535|ATR_HUMAN,0.3869137670196672,0.0850983358547655,0.1475037821482602,0.11497730711043873,0.2655068078668684,Q13535,CHEMBL5024
0,sp|P42345|MTOR_HUMAN,0.405256963515104,0.07375441349548842,0.143585719890153,0.11612397018438606,0.2612789329148686,P42345,CHEMBL2842
0,sp|P27986|P85A_HUMAN,0.32044198895027626,0.08839779005524863,0.15469613259668508,0.1505524861878453,0.2859116022099448,P27986,CHEMBL2506
0,sp|Q9UQM7|KCC2A_HUMAN,0.3723849372384937,0.08577405857740586,0.16736401673640167,0.13179916317991633,0.2426778242677824,Q9UQM7,CHEMBL4147
0,sp|O60218|AK1BA_HUMAN,0.3670886075949367,0.10126582278481013,0.16455696202531644,0.13291139240506328,0.23417721518987344,O60218,CHEMBL5983
0,sp|P15538|C11B1_HUMAN,0.4075546719681909,0.09542743538767397,0.14314115308151093,0.08946322067594434,0.2644135188866799,P15538,CHEMBL1908
0,sp|P19099|C11B2_HUMAN,0.4135188866799205,0.09343936381709743,0.15109343936381708,0.0874751491053678,0.2544731610337972,P19099,CHEMBL2722
0,sp|P05093|CP17A_HUMAN,0.3956692913385827,0.08267716535433071,0.14566929133858267,0.1062992125984252,0.2696850393700788,P05093,CHEMBL3522
0,sp|P04035|HMDH_HUMAN,0.4290540540540541,0.06531531531531531,0.11036036036036036,0.10022522522522524,0.29504504504504503,P04035,CHEMBL402
0,sp|Q9Y6L6|SO1B1_HUMAN,0.4037626628075253,0.11577424023154848,0.10274963820549927,0.06512301013024603,0.3125904486251809,Q9Y6L6,CHEMBL1697668
0,sp|Q9Y5X4|NR2E3_HUMAN,0.3780487804878049,0.05853658536585366,0.13414634146341464,0.1024390243902439,0.3268292682926829,Q9Y5X4,CHEMBL4374
0,sp|P11166|GTR1_HUMAN,0.4817073170731707,0.11585365853658534,0.08536585365853659,0.06300813008130081,0.2540650406504065,P11166,CHEMBL2535
0,sp|Q99640|PMYT1_HUMAN,0.3887775551102205,0.07615230460921844,0.11823647294589178,0.1002004008016032,0.3166332665330661,Q99640,CHEMBL3984
0,sp|Q99571|P2RX4_HUMAN,0.404639175257732,0.11082474226804123,0.11855670103092784,0.0979381443298969,0.26804123711340205,Q99571,CHEMBL2104
0,sp|P0DPH7|TBA3C_HUMAN,0.3977777777777778,0.09555555555555556,0.11777777777777775,0.14,0.2488888888888889,P0DPH7,CHEMBL2095182
0,sp|P51843|NR0B1_HUMAN,0.3893617021276596,0.07872340425531915,0.11914893617021274,0.08297872340425531,0.3297872340425532,P51843,CHEMBL1795094
0,sp|P07437|TBB5_HUMAN,0.3716216216216216,0.09684684684684684,0.10585585585585586,0.13963963963963966,0.2860360360360361,P07437,CHEMBL5444
0,sp|P21397|AOFA_HUMAN,0.3946869070208729,0.10246679316888044,0.14800759013282733,0.11954459203036052,0.2352941176470588,P21397,CHEMBL1951
0,sp|O15530|PDPK1_HUMAN,0.3327338129496403,0.10071942446043164,0.14928057553956833,0.12410071942446045,0.2931654676258993,O15530,CHEMBL2534
0,sp|P27707|DCK_HUMAN,0.3038461538461538,0.11923076923076925,0.13076923076923078,0.15,0.29615384615384616,P27707,CHEMBL2447
0,sp|P05981|HEPS_HUMAN,0.4268585131894485,0.07913669064748201,0.11270983213429255,0.08872901678657075,0.29256594724220625,P05981,CHEMBL2079849
0,sp|P55072|TERA_HUMAN,0.4081885856079405,0.05831265508684864,0.14267990074441686,0.16129032258064516,0.2295285359801489,P55072,CHEMBL1075145
0,sp|P04745|AMY1_HUMAN,0.3522504892367906,0.1350293542074364,0.12524461839530332,0.1076320939334638,0.27984344422700586,P04745,CHEMBL2478
0,sp|Q9NYA1|SPHK1_HUMAN,0.4583333333333333,0.07552083333333333,0.12760416666666666,0.1015625,0.23697916666666666,Q9NYA1,CHEMBL4394
0,sp|Q9NRA0|SPHK2_HUMAN,0.43425076452599387,0.05504587155963303,0.11162079510703364,0.08868501529051988,0.3103975535168196,Q9NRA0,CHEMBL3023
0,sp|P23458|JAK1_HUMAN,0.3327556325823224,0.09012131715771232,0.16897746967071056,0.1386481802426343,0.26949740034662045,P23458,CHEMBL2835
0,sp|P29597|TYK2_HUMAN,0.37826453243470937,0.08508845829823082,0.15332771693344566,0.11710193765796124,0.2662173546756529,P29597,CHEMBL3553
0,sp|P48736|PK3CG_HUMAN,0.3638838475499093,0.08983666061705989,0.15789473684210525,0.12431941923774956,0.26406533575317603,P48736,CHEMBL3267
0,sp|O00329|PK3CD_HUMAN,0.3697318007662835,0.09003831417624521,0.1475095785440613,0.12164750957854405,0.2710727969348659,O00329,CHEMBL3130
