,#,alphaticr.alphaticr,alphaticr.aromatic,alphaticr.postivecharger,alphaticr.negativecharger,alphaticr.uncharger,aromatic.alphaticr,aromatic.aromatic,aromatic.postivecharger,aromatic.negativecharger,aromatic.uncharger,postivecharger.alphaticr,postivecharger.aromatic,postivecharger.postivecharger,postivecharger.negativecharger,postivecharger.uncharger,negativecharger.alphaticr,negativecharger.aromatic,negativecharger.postivecharger,negativecharger.negativecharger,negativecharger.uncharger,uncharger.alphaticr,uncharger.aromatic,uncharger.postivecharger,uncharger.negativecharger,uncharger.uncharger,uniprot_ID,CHEMBL_ID
0,sp|Q16539|MK14_HUMAN,0.15041782729805014,0.030640668523676882,0.06406685236768803,0.04456824512534819,0.0947075208913649,0.033426183844011144,0.008356545961002786,0.013927576601671307,0.013927576601671307,0.02228412256267409,0.052924791086350974,0.011142061281337049,0.02228412256267409,0.013927576601671307,0.03899721448467967,0.05013927576601671,0.008356545961002786,0.016713091922005572,0.027855153203342614,0.036211699164345405,0.0947075208913649,0.033426183844011144,0.02228412256267409,0.03899721448467967,0.055710306406685235,Q16539,CHEMBL260
0,sp|P23219|PGH1_HUMAN,0.1488294314381271,0.03678929765886288,0.05183946488294314,0.048494983277591976,0.07859531772575251,0.0451505016722408,0.016722408026755852,0.015050167224080268,0.006688963210702341,0.043478260869565216,0.04180602006688963,0.020066889632107024,0.013377926421404682,0.013377926421404682,0.038461538461538464,0.04180602006688963,0.015050167224080268,0.013377926421404682,0.008361204013377926,0.021739130434782608,0.08695652173913042,0.038461538461538464,0.033444816053511704,0.023411371237458192,0.09866220735785954,P23219,CHEMBL221
0,sp|P36897|TGFR1_HUMAN,0.1892430278884462,0.0199203187250996,0.059760956175298814,0.03386454183266932,0.10557768924302788,0.023904382470119518,0.00796812749003984,0.0099601593625498,0.0099601593625498,0.017928286852589643,0.043824701195219126,0.011952191235059759,0.025896414342629483,0.023904382470119518,0.03784860557768925,0.049800796812749,0.0059760956175298795,0.011952191235059759,0.013944223107569721,0.027888446215139442,0.10159362549800798,0.023904382470119518,0.035856573705179286,0.027888446215139442,0.0796812749003984,P36897,CHEMBL4439
0,sp|P04049|RAF1_HUMAN,0.09891808346213292,0.04327666151468315,0.058732612055641426,0.029366306027820713,0.10664605873261206,0.02627511591962906,0.0030911901081916537,0.017001545595054096,0.0046367851622874795,0.029366306027820713,0.06491499227202473,0.009273570324574959,0.02009273570324575,0.018547140649149918,0.04327666151468315,0.037094281298299836,0.0077279752704791345,0.010819165378670788,0.0077279752704791345,0.02627511591962906,0.10819165378670788,0.018547140649149918,0.04945904173106646,0.029366306027820713,0.13137557959814528,P04049,CHEMBL1906
0,sp|P45984|MK09_HUMAN,0.14184397163120568,0.030732860520094562,0.04964539007092199,0.05200945626477541,0.08747044917257682,0.02127659574468085,0.007092198581560284,0.011820330969267141,0.011820330969267141,0.030732860520094562,0.03782505910165485,0.009456264775413713,0.02127659574468085,0.023640661938534282,0.03782505910165485,0.04964539007092199,0.014184397163120569,0.02127659574468085,0.014184397163120569,0.03782505910165485,0.10874704491725767,0.02127659574468085,0.02836879432624113,0.03546099290780142,0.09456264775413713,P45984,CHEMBL4179
0,sp|P06239|LCK_HUMAN,0.11811023622047245,0.023622047244094488,0.0610236220472441,0.04527559055118111,0.10236220472440943,0.03543307086614173,0.013779527559055118,0.00984251968503937,0.013779527559055118,0.029527559055118113,0.047244094488188976,0.00984251968503937,0.007874015748031496,0.01968503937007874,0.041338582677165364,0.04921259842519685,0.01968503937007874,0.013779527559055118,0.017716535433070866,0.03740157480314961,0.0984251968503937,0.03543307086614173,0.03346456692913386,0.041338582677165364,0.07480314960629922,P06239,CHEMBL258
0,sp|P00533|EGFR_HUMAN,0.13234077750206782,0.018196856906534328,0.04383788254755997,0.04301075268817205,0.11910669975186106,0.03308519437551696,0.003308519437551696,0.011579818031430936,0.007444168734491316,0.014888337468982632,0.04714640198511166,0.010752688172043013,0.016542597187758478,0.0206782464846981,0.034739454094292806,0.03970223325062035,0.01323407775020678,0.011579818031430936,0.014888337468982632,0.034739454094292806,0.1042183622828784,0.02481389578163772,0.04631927212572374,0.02812241521918941,0.12572373862696445,P00533,CHEMBL203
0,sp|Q15759|MK11_HUMAN,0.1487603305785124,0.033057851239669415,0.06887052341597796,0.04683195592286502,0.09090909090909093,0.02479338842975207,0.008264462809917356,0.01928374655647383,0.008264462809917356,0.02479338842975207,0.05509641873278237,0.008264462809917356,0.016528925619834708,0.01928374655647383,0.03856749311294766,0.06336088154269973,0.011019283746556474,0.008264462809917356,0.02479338842975207,0.030303030303030307,0.09366391184573004,0.02479338842975207,0.02479338842975207,0.03856749311294766,0.06887052341597796,Q15759,CHEMBL3961
0,sp|P09917|LOX5_HUMAN,0.12184249628528974,0.03566121842496285,0.05200594353640416,0.0475482912332838,0.10401188707280833,0.04903417533432392,0.014858841010401188,0.013372956909361071,0.014858841010401188,0.026745913818722142,0.050520059435364036,0.014858841010401188,0.017830609212481426,0.01634472511144131,0.03566121842496285,0.0475482912332838,0.022288261515601784,0.022288261515601784,0.017830609212481426,0.026745913818722142,0.09212481426448738,0.031203566121842493,0.029717682020802376,0.04011887072808321,0.0549777117384844,P09917,CHEMBL215
0,sp|P29323|EPHB2_HUMAN,0.14516129032258066,0.025616698292220116,0.05502846299810247,0.04269449715370019,0.103415559772296,0.029411764705882356,0.008538899430740038,0.0066413662239089176,0.014231499051233398,0.029411764705882356,0.04079696394686907,0.008538899430740038,0.018975332068311198,0.015180265654648957,0.03605313092979128,0.03984819734345351,0.015180265654648957,0.009487666034155596,0.012333965844402278,0.03510436432637571,0.11669829222011385,0.03036053130929792,0.029411764705882356,0.027514231499051238,0.10436432637571158,P29323,CHEMBL3290
0,sp|O43353|RIPK2_HUMAN,0.11873840445269015,0.011131725417439705,0.05380333951762523,0.027829313543599257,0.13358070500927646,0.027829313543599257,0.0018552875695732839,0.00927643784786642,0.012987012987012988,0.012987012987012988,0.046382189239332086,0.007421150278293135,0.03525046382189239,0.01855287569573284,0.04267161410018553,0.046382189239332086,0.016697588126159554,0.00927643784786642,0.014842300556586271,0.029684601113172542,0.10575139146567718,0.027829313543599257,0.04267161410018553,0.04267161410018553,0.1038961038961039,O43353,CHEMBL5014
0,sp|O14976|GAK_HUMAN,0.13053435114503814,0.031297709923664124,0.04732824427480916,0.041221374045801534,0.1099236641221374,0.03053435114503817,0.0007633587786259543,0.0068702290076335885,0.00916030534351145,0.02748091603053435,0.046564885496183206,0.00916030534351145,0.013740458015267177,0.012213740458015269,0.03893129770992367,0.049618320610687015,0.012977099236641221,0.011450381679389313,0.01603053435114504,0.03282442748091603,0.10229007633587786,0.021374045801526718,0.041221374045801534,0.044274809160305344,0.11221374045801527,O14976,CHEMBL4355
0,sp|P48730|KC1D_HUMAN,0.12560386473429952,0.026570048309178744,0.06280193236714976,0.043478260869565216,0.0966183574879227,0.033816425120772944,0.0024154589371980675,0.014492753623188406,0.00966183574879227,0.028985507246376805,0.06038647342995169,0.01932367149758454,0.036231884057971016,0.01932367149758454,0.04830917874396135,0.033816425120772944,0.016908212560386472,0.021739130434782608,0.014492753623188406,0.01932367149758454,0.09903381642512077,0.024154589371980683,0.050724637681159424,0.01932367149758454,0.07246376811594203,P48730,CHEMBL2828
0,sp|P12931|SRC_HUMAN,0.1233644859813084,0.03551401869158879,0.05233644859813085,0.04299065420560748,0.10467289719626167,0.04485981308411215,0.011214953271028037,0.007476635514018692,0.009345794392523364,0.026168224299065426,0.05794392523364486,0.009345794392523364,0.024299065420560748,0.018691588785046728,0.024299065420560748,0.03364485981308411,0.018691588785046728,0.011214953271028037,0.009345794392523364,0.04485981308411215,0.09906542056074766,0.024299065420560748,0.03925233644859813,0.037383177570093455,0.08971962616822429,P12931,CHEMBL267
0,sp|P53779|MK10_HUMAN,0.14038876889848811,0.034557235421166316,0.04967602591792657,0.05399568034557235,0.08639308855291576,0.02591792656587473,0.008639308855291577,0.01079913606911447,0.008639308855291577,0.034557235421166316,0.038876889848812095,0.01079913606911447,0.02375809935205184,0.019438444924406047,0.04319654427645788,0.04535637149028078,0.01079913606911447,0.019438444924406047,0.01079913606911447,0.034557235421166316,0.11231101511879048,0.02375809935205184,0.034557235421166316,0.028077753779697626,0.09071274298056156,P53779,CHEMBL2637
0,sp|Q02763|TIE2_HUMAN,0.12377560106856635,0.03294746215494212,0.05253784505788068,0.04096170970614425,0.12377560106856635,0.03294746215494212,0.0035618878005342827,0.008014247551202136,0.007123775601068565,0.030276046304541407,0.04808548530721282,0.01068566340160285,0.01959038290293856,0.016918967052537846,0.037399821905609976,0.04719501335707925,0.01157613535173642,0.016028495102404273,0.012466607301869992,0.025823686553873557,0.1219946571682992,0.02315227070347284,0.0365093499554764,0.03561887800534283,0.08103294746215495,Q02763,CHEMBL4128
0,sp|P30542|AA1R_HUMAN,0.24923076923076926,0.05230769230769231,0.036923076923076927,0.02769230769230769,0.11692307692307692,0.06461538461538463,0.015384615384615384,0.015384615384615384,0.003076923076923077,0.018461538461538463,0.04307692307692308,0.015384615384615384,0.012307692307692308,0.006153846153846154,0.021538461538461538,0.018461538461538463,0.006153846153846154,0.015384615384615384,0.012307692307692308,0.006153846153846154,0.1046153846153846,0.02769230769230769,0.018461538461538463,0.012307692307692308,0.08,P30542,CHEMBL226
0,sp|P29274|AA2AR_HUMAN,0.24087591240875916,0.0413625304136253,0.046228710462287104,0.021897810218978103,0.13138686131386862,0.0535279805352798,0.0097323600973236,0.0097323600973236,0.0024330900243309003,0.0170316301703163,0.0413625304136253,0.004866180048661801,0.007299270072992701,0.0097323600973236,0.031630170316301706,0.0267639902676399,0.0024330900243309003,0.007299270072992701,0.004866180048661801,0.0170316301703163,0.1167883211678832,0.0340632603406326,0.024330900243309004,0.0194647201946472,0.07785888077858881,P29274,CHEMBL251
0,sp|P05177|CP1A2_HUMAN,0.1378640776699029,0.036893203883495145,0.04466019417475728,0.02524271844660194,0.12427184466019416,0.04271844660194175,0.007766990291262136,0.009708737864077669,0.009708737864077669,0.031067961165048542,0.04660194174757282,0.019417475728155338,0.021359223300970873,0.013592233009708738,0.03883495145631068,0.03300970873786408,0.011650485436893204,0.017475728155339806,0.007766990291262136,0.02524271844660194,0.10679611650485436,0.02524271844660194,0.04660194174757282,0.03883495145631068,0.07766990291262135,P05177,CHEMBL3356
0,sp|P33261|CP2CJ_HUMAN,0.1329243353783231,0.026584867075664625,0.057259713701431486,0.049079754601227,0.10224948875255624,0.04294478527607362,0.0081799591002045,0.010224948875255624,0.006134969325153374,0.02862985685071575,0.04703476482617587,0.016359918200409,0.018404907975460124,0.022494887525562373,0.032719836400818,0.044989775051124746,0.012269938650306749,0.02044989775051125,0.012269938650306749,0.026584867075664625,0.10020449897750512,0.032719836400818,0.030674846625766868,0.026584867075664625,0.0920245398773006,P33261,CHEMBL3622
0,sp|P11712|CP2C9_HUMAN,0.1390593047034765,0.030674846625766868,0.05521472392638037,0.044989775051124746,0.10020449897750512,0.04294478527607362,0.0081799591002045,0.012269938650306749,0.006134969325153374,0.026584867075664625,0.0408997955010225,0.016359918200409,0.022494887525562373,0.018404907975460124,0.0408997955010225,0.038854805725971366,0.012269938650306749,0.018404907975460124,0.012269938650306749,0.026584867075664625,0.1083844580777096,0.02862985685071575,0.030674846625766868,0.026584867075664625,0.0920245398773006,P11712,CHEMBL3397
0,sp|P10635|CP2D6_HUMAN,0.17338709677419356,0.038306451612903226,0.054435483870967735,0.04032258064516129,0.10685483870967742,0.04032258064516129,0.0020161290322580645,0.010080645161290322,0.012096774193548387,0.028225806451612906,0.038306451612903226,0.02620967741935484,0.024193548387096774,0.016129032258064516,0.028225806451612906,0.05241935483870968,0.004032258064516129,0.012096774193548387,0.016129032258064516,0.02217741935483871,0.10685483870967742,0.02217741935483871,0.034274193548387094,0.02217741935483871,0.06854838709677419,P10635,CHEMBL289
0,sp|P11229|ACM1_HUMAN,0.17429193899782136,0.030501089324618737,0.034858387799564274,0.015250544662309368,0.1328976034858388,0.0392156862745098,0.013071895424836602,0.017429193899782137,0.006535947712418301,0.02178649237472767,0.0392156862745098,0.008714596949891068,0.026143790849673203,0.017429193899782137,0.034858387799564274,0.02178649237472767,0.002178649237472767,0.013071895424836602,0.015250544662309368,0.02396514161220044,0.1111111111111111,0.04357298474945534,0.034858387799564274,0.02178649237472767,0.10021786492374728,P11229,CHEMBL216
0,sp|O76074|PDE5A_HUMAN,0.12700228832951946,0.029748283752860413,0.03775743707093822,0.04691075514874142,0.10640732265446223,0.02631578947368421,0.004576659038901603,0.008009153318077803,0.01487414187643021,0.02517162471395881,0.041189931350114416,0.010297482837528604,0.02745995423340961,0.02402745995423341,0.04004576659038902,0.04576659038901602,0.010297482837528604,0.02402745995423341,0.020594965675057208,0.03661327231121282,0.10640732265446223,0.02402745995423341,0.04576659038901602,0.030892448512585814,0.08581235697940504,O76074,CHEMBL1827
0,sp|P04626|ERBB2_HUMAN,0.14513556618819776,0.02472089314194577,0.051834130781499205,0.03349282296650718,0.120414673046252,0.03349282296650718,0.003189792663476874,0.007974481658692184,0.007974481658692184,0.015151515151515154,0.039074960127591714,0.008771929824561403,0.014354066985645932,0.014354066985645932,0.039074960127591714,0.044657097288676235,0.0071770334928229675,0.006379585326953748,0.01674641148325359,0.03827751196172249,0.11323763955342905,0.023923444976076555,0.03508771929824561,0.04066985645933014,0.11483253588516748,P04626,CHEMBL1824
0,sp|P24557|THAS_HUMAN,0.17669172932330826,0.03571428571428571,0.04887218045112782,0.03947368421052632,0.08834586466165413,0.03383458646616541,0.011278195488721804,0.009398496240601505,0.011278195488721804,0.03759398496240601,0.03571428571428571,0.016917293233082706,0.02631578947368421,0.016917293233082706,0.03759398496240601,0.046992481203007516,0.009398496240601505,0.015037593984962403,0.011278195488721804,0.028195488721804513,0.09398496240601503,0.030075187969924814,0.03571428571428571,0.03195488721804511,0.07142857142857142,P24557,CHEMBL1835
0,sp|Q99572|P2RX7_HUMAN,0.10606060606060606,0.037037037037037035,0.037037037037037035,0.03872053872053872,0.09090909090909093,0.03198653198653199,0.015151515151515154,0.02356902356902357,0.010101010101010102,0.037037037037037035,0.03872053872053872,0.016835016835016838,0.030303030303030307,0.01346801346801347,0.04713804713804714,0.03872053872053872,0.01346801346801347,0.008417508417508417,0.010101010101010102,0.03367003367003367,0.0925925925925926,0.037037037037037035,0.04713804713804714,0.03198653198653199,0.1127946127946128,Q99572,CHEMBL4805
0,sp|O15264|MK13_HUMAN,0.12912087912087913,0.03296703296703297,0.0521978021978022,0.046703296703296704,0.10164835164835163,0.03571428571428571,0.013736263736263736,0.019230769230769232,0.01098901098901099,0.024725274725274724,0.06043956043956044,0.008241758241758242,0.03571428571428571,0.024725274725274724,0.03571428571428571,0.04945054945054945,0.019230769230769232,0.02197802197802198,0.016483516483516484,0.02197802197802198,0.08791208791208792,0.03021978021978022,0.03571428571428571,0.03021978021978022,0.054945054945054944,O15264,CHEMBL2939
0,sp|Q12809|KCNH2_HUMAN,0.15803108808290156,0.027633851468048358,0.05181347150259067,0.04317789291882556,0.1157167530224525,0.027633851468048358,0.007772020725388602,0.010362694300518135,0.0034542314335060447,0.025043177892918825,0.05094991364421416,0.011226252158894648,0.01986183074265976,0.011226252158894648,0.03454231433506045,0.04404145077720207,0.006044905008635579,0.010362694300518135,0.012089810017271158,0.02677029360967185,0.114853195164076,0.02158894645941278,0.035405872193436966,0.02936096718480138,0.1010362694300518,Q12809,CHEMBL240
0,sp|Q96FL8|S47A1_HUMAN,0.2688927943760984,0.050966608084358524,0.043936731107205626,0.019332161687170474,0.13532513181019332,0.054481546572934976,0.005272407732864675,0.005272407732864675,0.005272407732864675,0.015817223198594025,0.04042179261862917,0.0035149384885764497,0.01054481546572935,0.005272407732864675,0.0210896309314587,0.0281195079086116,0.0035149384885764497,0.005272407732864675,0.005272407732864675,0.01757469244288225,0.12478031634446395,0.02284710017574693,0.015817223198594025,0.02460456942003515,0.06678383128295255,Q96FL8,CHEMBL1743126
0,sp|O95067|CCNB2_HUMAN,0.13350125944584382,0.017632241813602016,0.07304785894206549,0.04534005037783375,0.11335012594458438,0.030226700251889168,0.0025188916876574307,0.005037783375314861,0.010075566750629723,0.017632241813602016,0.05541561712846348,0.027707808564231738,0.015113350125944584,0.015113350125944584,0.04030226700251889,0.05037783375314862,0.012594458438287154,0.005037783375314861,0.017632241813602016,0.027707808564231738,0.11083123425692697,0.005037783375314861,0.05541561712846348,0.02518891687657431,0.08816120906801007,O95067,CHEMBL2094127
0,sp|O96020|CCNE2_HUMAN,0.1215880893300248,0.017369727047146403,0.04466501240694789,0.037220843672456566,0.11910669975186106,0.04466501240694789,0.0049627791563275426,0.01240694789081886,0.01240694789081886,0.017369727047146403,0.02729528535980149,0.017369727047146403,0.04466501240694789,0.01985111662531017,0.037220843672456566,0.05459057071960298,0.017369727047146403,0.009925558312655087,0.014888337468982632,0.022332506203473945,0.08933002481389578,0.034739454094292806,0.037220843672456566,0.034739454094292806,0.10669975186104218,O96020,CHEMBL2094126
0,sp|P30279|CCND2_HUMAN,0.1527777777777778,0.013888888888888888,0.04513888888888889,0.04166666666666666,0.11805555555555555,0.03125,0.003472222222222222,0.010416666666666666,0.003472222222222222,0.013888888888888888,0.04513888888888889,0.013888888888888888,0.017361111111111112,0.03125,0.02430555555555556,0.059027777777777776,0.010416666666666666,0.02430555555555556,0.03125,0.027777777777777776,0.08333333333333333,0.02083333333333333,0.034722222222222224,0.04513888888888889,0.09722222222222222,P30279,CHEMBL2095942
0,sp|P06493|CDK1_HUMAN,0.13175675675675674,0.05067567567567568,0.060810810810810814,0.057432432432432436,0.08108108108108109,0.030405405405405407,0.006756756756756757,0.02364864864864865,0.006756756756756757,0.030405405405405407,0.06418918918918919,0.010135135135135136,0.03378378378378378,0.013513513513513514,0.037162162162162164,0.054054054054054064,0.013513513513513514,0.006756756756756757,0.01689189189189189,0.03378378378378378,0.10135135135135136,0.01689189189189189,0.03378378378378378,0.030405405405405407,0.054054054054054064,P06493,CHEMBL308
0,sp|P35968|VGFR2_HUMAN,0.13284132841328414,0.029520295202952032,0.039852398523985234,0.042066420664206634,0.11881918819188192,0.028782287822878224,0.006642066420664207,0.013284132841328414,0.007380073800738006,0.023616236162361626,0.04501845018450185,0.008856088560885609,0.01918819188191882,0.014760147601476013,0.03837638376383764,0.04354243542435424,0.013284132841328414,0.016974169741697416,0.021402214022140226,0.03173431734317343,0.11291512915129152,0.021402214022140226,0.03690036900369004,0.04132841328413285,0.09151291512915127,P35968,CHEMBL279
0,sp|P55263|ADK_HUMAN,0.15512465373961218,0.027700831024930747,0.05263157894736842,0.05263157894736842,0.09141274238227147,0.0443213296398892,0.0110803324099723,0.013850415512465374,0.008310249307479225,0.0110803324099723,0.04986149584487535,0.013850415512465374,0.036011080332409975,0.027700831024930747,0.024930747922437674,0.04155124653739612,0.008310249307479225,0.024930747922437674,0.013850415512465374,0.04986149584487535,0.08587257617728533,0.027700831024930747,0.027700831024930747,0.036011080332409975,0.06371191135734072,P55263,CHEMBL3589
0,sp|P09619|PGFRB_HUMAN,0.1339366515837104,0.029864253393665163,0.04253393665158371,0.04796380090497738,0.12036199095022625,0.030769230769230767,0.004524886877828055,0.008144796380090498,0.013574660633484163,0.02171945701357466,0.04072398190045249,0.008144796380090498,0.014479638009049774,0.011764705882352941,0.034389140271493215,0.05248868778280543,0.01085972850678733,0.013574660633484163,0.016289592760180997,0.04434389140271493,0.1167420814479638,0.025339366515837104,0.030769230769230767,0.04796380090497738,0.07873303167420814,P09619,CHEMBL1913
0,sp|P11802|CDK4_HUMAN,0.16225165562913907,0.04304635761589404,0.06291390728476821,0.04304635761589404,0.10264900662251657,0.029801324503311258,0.0033112582781456954,0.01324503311258278,0.01324503311258278,0.023178807947019868,0.05629139072847682,0.006622516556291391,0.023178807947019868,0.023178807947019868,0.03311258278145696,0.05629139072847682,0.009933774834437088,0.01324503311258278,0.01324503311258278,0.023178807947019868,0.10596026490066224,0.019867549668874173,0.029801324503311258,0.026490066225165563,0.06291390728476821,P11802,CHEMBL331
0,sp|P24941|CDK2_HUMAN,0.15151515151515152,0.043771043771043766,0.0707070707070707,0.043771043771043766,0.08417508417508418,0.030303030303030307,0.010101010101010102,0.016835016835016838,0.006734006734006735,0.037037037037037035,0.06397306397306397,0.01346801346801347,0.020202020202020204,0.01346801346801347,0.04713804713804714,0.060606060606060615,0.01346801346801347,0.0033670033670033673,0.010101010101010102,0.02356902356902357,0.08754208754208755,0.020202020202020204,0.04713804713804714,0.037037037037037035,0.043771043771043766,P24941,CHEMBL301
0,sp|Q02750|MP2K1_HUMAN,0.15051020408163265,0.025510204081632654,0.05612244897959184,0.0663265306122449,0.09693877551020408,0.03571428571428571,0.005102040816326529,0.0025510204081632647,0.005102040816326529,0.015306122448979591,0.051020408163265314,0.005102040816326529,0.030612244897959183,0.015306122448979591,0.03826530612244898,0.06377551020408162,0.015306122448979591,0.012755102040816329,0.012755102040816329,0.02295918367346939,0.0943877551020408,0.012755102040816329,0.03826530612244898,0.02806122448979592,0.09948979591836736,Q02750,CHEMBL3587
0,sp|P06241|FYN_HUMAN,0.12313432835820895,0.027985074626865676,0.05597014925373135,0.037313432835820885,0.11753731343283585,0.04477611940298507,0.009328358208955223,0.011194029850746268,0.013059701492537313,0.026119402985074626,0.05597014925373135,0.01492537313432836,0.018656716417910446,0.026119402985074626,0.024253731343283583,0.04104477611940298,0.018656716417910446,0.018656716417910446,0.018656716417910446,0.02985074626865672,0.09701492537313433,0.033582089552238806,0.03544776119402985,0.03171641791044776,0.06902985074626866,P06241,CHEMBL1841
0,sp|P35462|DRD3_HUMAN,0.18295739348370926,0.047619047619047616,0.03508771929824561,0.02506265664160401,0.13032581453634084,0.05012531328320802,0.010025062656641605,0.0025062656641604013,0.0,0.03508771929824561,0.05012531328320802,0.0075187969924812035,0.02506265664160401,0.0075187969924812035,0.017543859649122806,0.02005012531328321,0.005012531328320803,0.012531328320802004,0.0025062656641604013,0.010025062656641605,0.11528822055137845,0.02756892230576441,0.03258145363408521,0.015037593984962403,0.13283208020050125,P35462,CHEMBL234
0,sp|Q9UNQ0|ABCG2_HUMAN,0.1926605504587156,0.048929663608562685,0.03516819571865444,0.03516819571865444,0.1146788990825688,0.04281345565749235,0.01529051987767584,0.01834862385321101,0.003058103975535168,0.025993883792048932,0.0382262996941896,0.006116207951070336,0.016819571865443424,0.012232415902140671,0.03669724770642202,0.03058103975535168,0.00764525993883792,0.013761467889908258,0.00764525993883792,0.01834862385321101,0.12079510703363915,0.027522935779816515,0.025993883792048932,0.019877675840978597,0.0856269113149847,Q9UNQ0,CHEMBL5393
0,sp|P49759|CLK1_HUMAN,0.09109730848861283,0.022774327122153208,0.05590062111801242,0.037267080745341616,0.06004140786749481,0.024844720496894408,0.008281573498964804,0.016563146997929608,0.022774327122153208,0.024844720496894408,0.05175983436853002,0.020703933747412008,0.07246376811594203,0.024844720496894408,0.07453416149068323,0.033126293995859216,0.028985507246376805,0.033126293995859216,0.020703933747412008,0.024844720496894408,0.06625258799171843,0.016563146997929608,0.06625258799171843,0.035196687370600416,0.06625258799171843,P49759,CHEMBL4224
0,sp|P49137|MAPK2_HUMAN,0.14035087719298245,0.02506265664160401,0.07017543859649122,0.02756892230576441,0.08270676691729323,0.022556390977443608,0.005012531328320803,0.0075187969924812035,0.012531328320802004,0.030075187969924814,0.05764411027568923,0.010025062656641605,0.02756892230576441,0.017543859649122806,0.04010025062656642,0.04260651629072682,0.015037593984962403,0.017543859649122806,0.015037593984962403,0.02005012531328321,0.08020050125313283,0.022556390977443608,0.03258145363408521,0.03759398496240601,0.14035087719298245,P49137,CHEMBL2208
0,sp|P14679|TYRO_HUMAN,0.10227272727272728,0.045454545454545456,0.028409090909090905,0.032196969696969696,0.11742424242424244,0.04924242424242424,0.013257575757575758,0.011363636363636364,0.013257575757575758,0.04166666666666666,0.022727272727272728,0.00946969696969697,0.02462121212121212,0.01893939393939394,0.03977272727272727,0.032196969696969696,0.01893939393939394,0.02083333333333333,0.011363636363636364,0.02462121212121212,0.11931818181818182,0.04166666666666666,0.030303030303030307,0.032196969696969696,0.09848484848484848,P14679,CHEMBL1973
0,sp|P46059|S15A1_HUMAN,0.1966053748231966,0.04384724186704385,0.03111739745403112,0.021216407355021217,0.13154172560113153,0.04667609618104668,0.016973125884016973,0.008486562942008486,0.011315417256011316,0.036775106082036775,0.026874115983026883,0.01555869872701556,0.011315417256011316,0.005657708628005658,0.03536067892503536,0.024045261669024046,0.008486562942008486,0.014144271570014143,0.011315417256011316,0.011315417256011316,0.13012729844413012,0.03536067892503536,0.0297029702970297,0.0198019801980198,0.07637906647807638,P46059,CHEMBL4605
0,sp|O95342|ABCBB_HUMAN,0.1825757575757576,0.04015151515151515,0.0446969696969697,0.04015151515151515,0.11515151515151514,0.038636363636363635,0.012878787878787878,0.009848484848484848,0.010606060606060608,0.025,0.042424242424242434,0.016666666666666666,0.013636363636363636,0.014393939393939396,0.027272727272727268,0.040909090909090916,0.005303030303030303,0.020454545454545454,0.015151515151515154,0.02651515151515152,0.11742424242424244,0.02196969696969697,0.02575757575757576,0.02803030303030303,0.06439393939393939,O95342,CHEMBL6020
0,sp|Q92887|MRP2_HUMAN,0.17098445595854922,0.03950777202072539,0.054404145077720206,0.036917098445595854,0.10751295336787564,0.04015544041450777,0.010362694300518135,0.007772020725388602,0.005829015544041451,0.03238341968911917,0.04145077720207254,0.011010362694300516,0.019430051813471502,0.014248704663212437,0.03432642487046632,0.036917098445595854,0.006476683937823835,0.0116580310880829,0.016191709844559584,0.025259067357512956,0.11917098445595856,0.02979274611398964,0.027202072538860103,0.023316062176165803,0.07772020725388601,Q92887,CHEMBL5748
0,sp|O15438|MRP3_HUMAN,0.2051114023591088,0.03735255570117955,0.04849279161205767,0.042595019659239834,0.1127129750982962,0.045216251638269984,0.01310615989515072,0.008519003931847971,0.005897771952817824,0.022935779816513763,0.04652686762778506,0.008519003931847971,0.011795543905635648,0.007208387942332897,0.0327653997378768,0.04062909567496723,0.005897771952817824,0.010484927916120577,0.011140235910878113,0.020969855832241157,0.10878112712975098,0.030799475753604193,0.027522935779816515,0.022280471821756225,0.0727391874180865,O15438,CHEMBL5918
0,sp|O15439|MRP4_HUMAN,0.17522658610271905,0.04531722054380664,0.058912386706948636,0.03172205438066465,0.10649546827794562,0.03625377643504532,0.016616314199395767,0.007552870090634442,0.012084592145015106,0.024924471299093656,0.05438066465256797,0.006797583081570997,0.01812688821752266,0.01283987915407855,0.03474320241691843,0.03851963746223565,0.006042296072507553,0.015861027190332326,0.014350453172205438,0.0256797583081571,0.11329305135951663,0.02265861027190332,0.026435045317220542,0.029456193353474318,0.06570996978851963,O15439,CHEMBL1743128
0,sp|Q01650|LAT1_HUMAN,0.2549407114624506,0.06126482213438735,0.02766798418972332,0.02766798418972332,0.12845849802371542,0.05928853754940711,0.017786561264822136,0.007905138339920948,0.001976284584980237,0.029644268774703563,0.02766798418972332,0.001976284584980237,0.009881422924901186,0.009881422924901186,0.023715415019762844,0.03557312252964427,0.003952569169960474,0.005928853754940711,0.007905138339920948,0.007905138339920948,0.12055335968379445,0.031620553359683785,0.021739130434782608,0.01383399209486166,0.06126482213438735,Q01650,CHEMBL4459
0,sp|Q99558|M3K14_HUMAN,0.10993657505285412,0.014799154334038053,0.0613107822410148,0.040169133192389,0.1226215644820296,0.01691331923890064,0.0031712473572938693,0.014799154334038053,0.00422832980972516,0.019027484143763214,0.0613107822410148,0.00422832980972516,0.021141649048625796,0.017970401691331926,0.04651162790697674,0.04228329809725159,0.009513742071881607,0.010570824524312895,0.012684989429175477,0.03805496828752643,0.11733615221987315,0.026427061310782242,0.043340380549682866,0.03805496828752643,0.10359408033826638,Q99558,CHEMBL5888
0,sp|P35354|PGH2_HUMAN,0.1310116086235489,0.04311774461028192,0.046434494195688215,0.04477611940298507,0.07960199004975124,0.03814262023217247,0.009950248756218905,0.01824212271973466,0.008291873963515755,0.04311774461028192,0.04477611940298507,0.01990049751243781,0.013266998341625208,0.009950248756218905,0.04477611940298507,0.03814262023217247,0.009950248756218905,0.01492537313432836,0.008291873963515755,0.03150912106135987,0.09286898839137643,0.03482587064676617,0.03980099502487562,0.03150912106135987,0.10281923714759536,P35354,CHEMBL230
0,sp|P04183|KITH_HUMAN,0.19742489270386265,0.012875536480686695,0.04291845493562232,0.03862660944206009,0.12446351931330472,0.012875536480686695,0.008583690987124462,0.017167381974248927,0.0,0.03433476394849785,0.030042918454935626,0.017167381974248927,0.02575107296137339,0.02575107296137339,0.03433476394849785,0.05150214592274678,0.004291845493562232,0.012875536480686695,0.004291845493562232,0.02145922746781116,0.12017167381974247,0.030042918454935626,0.03433476394849785,0.02575107296137339,0.07296137339055794,P04183,CHEMBL2883
0,sp|O00142|KITM_HUMAN,0.10606060606060606,0.03409090909090909,0.060606060606060615,0.05681818181818181,0.09848484848484848,0.04166666666666666,0.007575757575757577,0.011363636363636364,0.007575757575757577,0.01893939393939394,0.05681818181818181,0.011363636363636364,0.03787878787878788,0.022727272727272728,0.05303030303030303,0.03787878787878788,0.022727272727272728,0.03409090909090909,0.011363636363636364,0.022727272727272728,0.10984848484848483,0.011363636363636364,0.03787878787878788,0.030303030303030307,0.05681818181818181,O00142,CHEMBL4580
0,sp|P08684|CP3A4_HUMAN,0.1553784860557769,0.0398406374501992,0.045816733067729085,0.04183266932270916,0.099601593625498,0.053784860557768925,0.0059760956175298795,0.00796812749003984,0.011952191235059759,0.023904382470119518,0.04183266932270916,0.011952191235059759,0.03187250996015936,0.023904382470119518,0.025896414342629483,0.04183266932270916,0.00796812749003984,0.00796812749003984,0.0099601593625498,0.045816733067729085,0.08964143426294821,0.03784860557768925,0.04183266932270916,0.025896414342629483,0.0697211155378486,P08684,CHEMBL340
0,sp|P17948|VGFR1_HUMAN,0.10471204188481677,0.032909498878085267,0.053103964098728494,0.029917726252804783,0.12041884816753927,0.02842183994016455,0.008227374719521317,0.011967090501121914,0.008227374719521317,0.02916978309648467,0.05385190725504862,0.011967090501121914,0.023186237845923708,0.01944652206432311,0.04038893044128646,0.039640987284966345,0.010471204188481676,0.01645474943904263,0.01720269259536275,0.02916978309648467,0.11443530291697833,0.02243829468960359,0.04412864622288706,0.0381451009723261,0.09199700822737472,P17948,CHEMBL1868
0,sp|P10721|KIT_HUMAN,0.12410256410256412,0.04,0.057435897435897436,0.033846153846153845,0.09948717948717947,0.04307692307692308,0.004102564102564103,0.012307692307692308,0.013333333333333334,0.028717948717948718,0.048205128205128206,0.011282051282051285,0.014358974358974359,0.015384615384615384,0.04205128205128205,0.04205128205128205,0.011282051282051285,0.01743589743589744,0.012307692307692308,0.030769230769230767,0.09743589743589744,0.03487179487179487,0.029743589743589743,0.038974358974358976,0.09743589743589744,P10721,CHEMBL1936
0,sp|P08581|MET_HUMAN,0.12814974802015838,0.02663786897048236,0.05471562275017999,0.028797696184305256,0.12095032397408208,0.033117350611951035,0.007919366450683946,0.009359251259899207,0.009359251259899207,0.029517638588912886,0.03599712023038157,0.01511879049676026,0.017278617710583154,0.01511879049676026,0.046076313894888414,0.04175665946724262,0.009359251259899207,0.01007919366450684,0.009359251259899207,0.028077753779697626,0.1195104391648668,0.03023758099352052,0.03815694744420446,0.03599712023038157,0.09935205183585312,P08581,CHEMBL3717
0,sp|P08069|IGF1R_HUMAN,0.11932650073206442,0.03294289897510981,0.046120058565153735,0.046852122986822835,0.10468521229868227,0.032210834553440704,0.010248901903367495,0.015373352855051243,0.011713030746705709,0.02635431918008785,0.0424597364568082,0.010248901903367495,0.017569546120058566,0.01683748169838946,0.038799414348462666,0.04904831625183016,0.013909224011713031,0.015373352855051243,0.013177159590043924,0.03660322108345535,0.1061493411420205,0.02855051244509517,0.0314787701317716,0.039531478770131766,0.0944363103953148,P08069,CHEMBL1957
0,sp|P35916|VGFR3_HUMAN,0.13215859030837004,0.02790014684287812,0.05359765051395008,0.03744493392070485,0.118208516886931,0.030837004405286344,0.008076358296622614,0.009544787077826723,0.00881057268722467,0.02569750367107195,0.05433186490455213,0.01027900146842878,0.02276064610866373,0.01908957415565345,0.02936857562408223,0.048458149779735685,0.014684287812041116,0.016152716593245228,0.018355359765051395,0.028634361233480177,0.1027900146842878,0.02276064610866373,0.033773861967694566,0.042584434654919234,0.08370044052863436,P35916,CHEMBL1955
0,sp|Q8NER1|TRPV1_HUMAN,0.1575178997613365,0.0477326968973747,0.04534606205250597,0.04534606205250597,0.07995226730310262,0.033412887828162284,0.017899761336515514,0.01909307875894988,0.005966587112171838,0.032219570405727926,0.039379474940334135,0.013126491646778043,0.01909307875894988,0.015513126491646776,0.039379474940334135,0.041766109785202864,0.00954653937947494,0.013126491646778043,0.010739856801909307,0.03818615751789976,0.1026252983293556,0.02028639618138425,0.031026252983293555,0.035799522673031034,0.08591885441527446,Q8NER1,CHEMBL4794
0,sp|P30556|AGTR1_HUMAN,0.18994413407821228,0.06424581005586592,0.03910614525139665,0.0223463687150838,0.10893854748603353,0.06424581005586592,0.025139664804469275,0.01675977653631285,0.008379888268156423,0.025139664804469275,0.0335195530726257,0.01675977653631285,0.0223463687150838,0.002793296089385475,0.04189944134078212,0.019553072625698324,0.002793296089385475,0.002793296089385475,0.008379888268156423,0.01675977653631285,0.11452513966480447,0.030726256983240226,0.036312849162011177,0.0111731843575419,0.07541899441340782,P30556,CHEMBL227
0,sp|P0DMS8|AA3R_HUMAN,0.22082018927444794,0.05678233438485805,0.03785488958990536,0.025236593059936908,0.13249211356466878,0.07886435331230282,0.0220820189274448,0.01577287066246057,0.0,0.01577287066246057,0.03785488958990536,0.012618296529968454,0.01577287066246057,0.00946372239747634,0.01892744479495268,0.012618296529968454,0.00946372239747634,0.006309148264984227,0.0,0.012618296529968454,0.11987381703470032,0.031545741324921134,0.01892744479495268,0.00946372239747634,0.07886435331230282,P0DMS8,CHEMBL256
0,sp|P18089|ADA2B_HUMAN,0.2048997772828508,0.0400890868596882,0.0267260579064588,0.022271714922049,0.1158129175946548,0.0311804008908686,0.028953229398663693,0.0111358574610245,0.0,0.0334075723830735,0.048997772828507785,0.004454342984409799,0.024498886414253896,0.008908685968819599,0.028953229398663693,0.0200445434298441,0.004454342984409799,0.0111358574610245,0.0334075723830735,0.0155902004454343,0.1024498886414254,0.028953229398663693,0.04231625835189309,0.0200445434298441,0.09131403118040088,P18089,CHEMBL1942
0,sp|P13945|ADRB3_HUMAN,0.2432432432432433,0.0343980343980344,0.0343980343980344,0.019656019656019656,0.14496314496314494,0.04176904176904177,0.00737100737100737,0.00737100737100737,0.002457002457002457,0.02457002457002457,0.02948402948402948,0.009828009828009828,0.012285012285012284,0.004914004914004914,0.031941031941031935,0.02457002457002457,0.002457002457002457,0.004914004914004914,0.002457002457002457,0.009828009828009828,0.13513513513513514,0.02948402948402948,0.02948402948402948,0.014742014742014744,0.09828009828009827,P13945,CHEMBL246
0,sp|P23975|SC6A2_HUMAN,0.23701298701298698,0.06655844155844155,0.0275974025974026,0.025974025974025976,0.0974025974025974,0.06493506493506493,0.024350649350649352,0.021103896103896104,0.006493506493506494,0.03896103896103896,0.030844155844155844,0.01461038961038961,0.012987012987012988,0.016233766233766232,0.01461038961038961,0.0275974025974026,0.008116883116883116,0.00974025974025974,0.00487012987012987,0.017857142857142856,0.09415584415584416,0.042207792207792215,0.017857142857142856,0.01461038961038961,0.0633116883116883,P23975,CHEMBL222
0,sp|P49840|GSK3A_HUMAN,0.1825726141078838,0.02904564315352697,0.05601659751037345,0.03112033195020747,0.11203319502074688,0.020746887966804982,0.010373443983402491,0.012448132780082987,0.002074688796680498,0.03319502074688797,0.04356846473029045,0.010373443983402491,0.012448132780082987,0.014522821576763488,0.03112033195020747,0.03319502074688797,0.012448132780082987,0.008298755186721992,0.004149377593360996,0.022821576763485483,0.12863070539419086,0.016597510373443983,0.022821576763485483,0.02904564315352697,0.12033195020746887,P49840,CHEMBL2850
0,sp|P43405|KSYK_HUMAN,0.14037854889589904,0.017350157728706624,0.06782334384858044,0.04100946372239748,0.1056782334384858,0.03943217665615142,0.014195583596214513,0.011041009463722398,0.012618296529968454,0.02365930599369085,0.05205047318611988,0.01892744479495268,0.017350157728706624,0.025236593059936908,0.04258675078864353,0.04889589905362776,0.00473186119873817,0.01892744479495268,0.014195583596214513,0.031545741324921134,0.08990536277602522,0.04574132492113565,0.04100946372239748,0.025236593059936908,0.050473186119873815,P43405,CHEMBL2599
0,sp|Q13315|ATM_HUMAN,0.13551554828150572,0.032733224222585934,0.04713584288052373,0.04811783960720131,0.09689034369885434,0.02782324058919804,0.006219312602291326,0.01342062193126023,0.010147299509001636,0.0265139116202946,0.045826513911620285,0.011783960720130934,0.02258592471358429,0.020621931260229133,0.0425531914893617,0.048772504091653034,0.010801963993453356,0.016693944353518817,0.014402618657937809,0.03666121112929623,0.10245499181669394,0.02258592471358429,0.04353518821603928,0.03404255319148936,0.08216039279869068,Q13315,CHEMBL3797
